0.0373866
0.0401435
0.0347077
0.0341682
0.0292788
0.0402746
0.0339314
0.041115
0.0309455
0.0318731
0.0329074
0.0307022
0.0328826
0.0302846
0.0290682
0.0300706
0.029663
0.0263325
0.0277508
0.029653
0.0324668
0.0306069
0.0289974
0.028834
0.030343
0.0295647
0.0286959
0.027949
0.0287782
0.0286112
0.0319498
0.0428671
0.0328781
0.0289215
0.0289001
0.028025
0.0276145
0.0272176
0.0282991
0.0272345
0.0270088
0.0284274
0.0278367
0.0265291
0.0298157
0.0280372
0.0273456
0.0269341
0.0273727
0.0283943
0.0277747
0.0270814
0.0283541
0.027918
0.0284773
0.0282059
0.0284787
0.0274065
0.0276263
0.0274451
0.029111
0.0283177
0.0276142
0.0275105
0.027198
0.0313745
0.0294338
0.0285921
0.0280374
0.0265991
0.0292944
0.0268918
0.0275776
0.0277705
0.0305028
0.0382812
0.0275228
0.0366917
0.0247856
0.0275962
0.0247001
0.0247109
0.0276732
0.0274528
0.0261103
0.0255961
0.0258667
0.027547
0.0274687
0.0275175
0.0271108
0.0277327
0.026462
0.0281555
0.0268013
0.0278141
0.0299164
0.0282534
0.0270497
0.0318606
0.0290447
0.0323482
0.0270178
0.0365211
0.0718732
0.025518
0.0273206
0.0267229
0.026271
0.025209
0.027083
0.0253548
0.0275977
0.0270863
0.025866
0.0270809
0.024778
0.0245278
0.0261091
0.0251307
0.0928553
0.0458711
0.0881288
0.0272802
0.0787436
0.024673
0.0966783
0.0269155
0.0262834
0.127509
0.0299065
0.0640538
0.0297926
0.0295063
0.11399
0.0667301
0.102188
0.0455943
0.0281628
0.0406779
0.0365065
0.0341696
0.0391696
0.0467019
0.0481298
0.044857
0.0418074
0.0419364
0.0521198
0.042998
0.0824084
0.0882583
0.0298412
0.0279855
0.0296963
0.0282381
0.0284518
0.0290767
0.0290657
0.0291739
0.0283729
0.0298388
0.0288321
0.0284027
0.0284181
0.0304839
0.0307393
0.0286576
0.0290609
0.0298329
0.0290013
0.0300941
0.0273826
0.03304
0.0300847
0.0279721
0.0299118
0.0308497
0.0306621
0.0305526
0.0287884
0.0376231
0.0291709
0.0296657
0.026669
0.0287023
0.0295675
0.0262378
0.0301829
0.0268339
0.0293211
0.0268406
0.0289683
0.0298672
0.0284485
0.0286092
0.0292042
0.0288244
0.0274188
0.0291195
0.0281821
0.0288993
0.0308054
0.0284423
0.0298208
0.0286962
0.0297539
0.0258217
0.0318788
0.0282169
0.0281573
0.0281558
0.0282109
0.028434
0.0286847
0.0284329
0.0287151
0.0283187
0.0281581
0.0283941
0.0290066
0.0281966
0.0285506
0.0301599
0.0280537
0.028495
0.0287357
0.0291459
0.0281505
0.0289258
0.0268089
0.0291776
0.0292451
0.0275183
0.0293984
0.0293962
0.0283598
0.0297864
0.0285592
0.0290747
0.0293054
0.0288549
0.0286892
0.0292398
0.0289347
0.0295696
0.0289017
0.0283218
0.0278462
0.027385
0.0288162
0.0280118
0.0312445
0.0366041
0.0290439
0.0276886
0.0295879
0.0283877
0.0274469
0.0630314
0.0562432
0.0990847
0.0294264
0.0684938
0.0352027
0.0328599
0.0329812
0.0226822
0.0224882
0.0221701
0.0210295
0.0216923
0.0212436
0.0211647
0.0220905
0.0237294
0.0206332
0.0247277
0.0212145
0.0211876
0.0218732
0.0200753
0.0216467
0.0215922
0.020855
0.0216332
0.0215027
0.0219356
0.0212356
0.021825
0.0207415
0.0222413
0.0211452
0.0225376
0.0212038
0.0219226
0.0240516
0.023236
0.0224081
0.0215031
0.0205762
0.0227672
0.0209644
0.0220769
0.0214171
0.0212002
0.0207338
0.0231887
0.0213656
0.0214649
0.0240209
0.0213158
0.0245452
0.0227982
0.0214451
0.0218689
0.0208718
0.0214451
0.0215382
0.0211193
0.0210417
0.0207933
0.0208439
0.020657
0.0212581
0.0210495
0.0221202
0.0222277
0.0218913
0.0218429
0.0206762
0.020714
0.0216755
0.0224055
0.0207534
0.0202678
0.0205457
0.0204304
0.0208331
0.0213499
0.0226488
0.0223107
0.0197891
0.0204081
0.0200376
0.0207484
0.0230056
0.020027
0.0202941
0.0206053
0.0214323
0.0277555
0.0205514
0.0208197
0.0218721
0.0205637
0.0217257
0.021961
0.0213405
0.0207987
0.0210775
0.0202716
0.0206679
0.0217824
0.0207298
0.0211119
0.0206694
0.0210705
0.0232589
0.0207131
0.0280843
0.0207515
0.0205298
0.02065
0.0202952
0.0200838
0.0208535
0.020274
0.0202352
0.0198935
0.0199162
0.023413
0.020497
0.0201633
0.0203144
0.020391
0.0205564
0.0211413
0.0213254
0.0220869
0.0214787
0.0209547
0.0212399
0.021122
0.0205496
0.0208469
0.0210036
0.0212315
0.0222163
0.0213804
0.0211693
0.02151
0.0238193
0.0219167
0.0211952
0.0245851
0.025497
0.0221805
0.0209469
0.0212761
0.020841
0.0230416
0.0218076
0.0215921
0.0216589
0.0251158
0.0223511
0.022626
0.0210406
0.0227799
0.0264574
0.0228565
0.021852
0.0234475
0.0228938
0.0254371
0.0229868
0.0237983
0.0230136
0.0241143
0.0234608
0.0236801
0.0237988
0.0265906
0.0242665
0.02465
0.0244876
0.025388
0.0237464
0.0250227
0.023411
0.0247486
0.0236147
0.0250148
0.0235838
0.0271061
0.0245943
0.0238214
0.0243692
0.0244597
0.0234439
0.0241489
0.0264938
0.0233121
0.0228236
0.0230872
0.0258728
0.0234395
0.0233609
0.023142
0.0252121
0.023425
0.0240752
0.0238013
0.0235721
0.0240084
0.0236815
0.0233103
0.0252416
0.0239984
0.0246205
0.0229393
0.0234876
0.0231573
0.0244866
0.0252288
0.026033
0.0277233
0.0266451
0.028614
0.027286
0.0285266
0.0271462
0.0290848
0.0280505
0.0287688
0.0292177
0.029481
0.0274057
0.0312079
0.0352981
0.0205876
0.028231
0.0213397
0.0218917
0.0182515
0.0188086
0.0170924
0.0180007
0.0187331
0.0218969
0.0171391
0.0181423
0.0179352
0.0179016
0.0166012
0.016783
0.0203407
0.0160978
0.0172286
0.0181652
0.0163175
0.0192922
0.0186199
0.0184827
0.0197407
0.0196999
0.0166276
0.0186422
0.0181005
0.0187683
0.0172847
0.018207
0.0180442
0.0188087
0.017323
0.0191427
0.0185114
0.0184803
0.0183735
0.0186759
0.0185628
0.0178628
0.0185076
0.0183927
0.0173656
0.0179467
0.0179417
0.0194533
0.0194003
0.0187912
0.0197877
0.0216545
0.0195071
0.0188778
0.0189374
0.018873
0.0194594
0.0192167
0.0196498
0.0208882
0.0203408
0.0197319
0.0195113
0.0192431
0.0195059
0.0192131
0.0189795
0.022348
0.0206721
0.0197361
0.0201425
0.0197246
0.019717
0.0195271
0.0191256
0.0190402
0.0198206
0.0191318
0.018789
0.0190589
0.0193716
0.0232179
0.0192672
0.0200717
0.020171
0.0191674
0.0199029
0.0189135
0.0195584
0.0185702
0.0188117
0.0187427
0.0188033
0.019396
0.019578
0.0199517
0.0191218
0.0195755
0.019962
0.0193658
0.0198673
0.0195819
0.0195506
0.0193759
0.0194051
0.0196447
0.0191767
0.0186952
0.0194127
0.0196695
0.0200219
0.0191969
0.0189784
0.0203626
0.0193788
0.0195794
0.0197224
0.0195514
0.0193879
0.018855
0.0192936
0.0187636
0.0193176
0.0202244
0.0197701
0.0200031
0.0197012
0.020603
0.0212553
0.0204665
0.0209247
0.0212104
0.0204075
0.0205152
0.0208737
0.0203556
0.020972
0.0206354
0.0212615
0.0216879
0.0245864
0.0216882
0.0216543
0.0221013
0.021719
0.0222052
0.0218125
0.0221323
0.0212195
0.0219774
0.0229205
0.0217164
0.02199
0.0226551
0.0197413
0.0208461
0.0202682
0.0195111
0.0202613
0.0200678
0.0214124
0.019889
0.0227852
0.0185322
0.0189428
0.0197291
0.0199489
0.0191428
0.0249476
0.0192497
0.01889
0.0188746
0.0223387
0.0183955
0.020554
0.0205375
0.0177688
0.0188189
0.0184637
0.0183064
0.0181904
0.0188941
0.0187512
0.0187509
0.0181308
0.0182742
0.0180153
0.0185742
0.018171
0.0178634
0.0175124
0.0181559
0.020906
0.0177208
0.0179838
0.0181988
0.0179378
0.018276
0.0185193
0.0192
0.0219227
0.0192634
0.0183848
0.0199591
0.0196358
0.019436
0.0186605
0.0192344
0.0200139
0.0190806
0.0188724
0.0225495
0.0185397
0.0184402
0.0183438
0.0185569
0.0191616
0.0190344
0.0197442
0.0195494
0.0192879
0.0187494
0.018745
0.0219206
0.0194642
0.0187811
0.0186692
0.0193461
0.0189149
0.0184522
0.0193158
0.0199927
0.0198919
0.0187102
0.0182229
0.0195192
0.0201719
0.0198041
0.0195056
0.0185299
0.0193675
0.0189195
0.0186781
0.0183388
0.0188677
0.0185049
0.0181089
0.019088
0.0219101
0.0182726
0.0187004
0.0197784
0.0187677
0.0191864
0.0190192
0.0188451
0.0199592
0.0191791
0.0183733
0.0199832
0.0190342
0.0196939
0.0199324
0.0195262
0.0193499
0.0213578
0.0188712
0.0200543
0.0190573
0.0185478
0.0193616
0.0190468
0.0191839
0.0191968
0.0190991
0.0176903
0.0185621
0.0198961
0.0190864
0.0191518
0.0202781
0.0190131
0.0195103
0.0195012
0.0204252
0.0195009
0.0195356
0.0194891
0.0205069
0.021109
0.0191766
0.0198647
0.0208699
0.0205289
0.0203775
0.0200275
0.0210717
0.0201291
0.0210819
0.0211381
0.0218627
0.0208348
0.0216593
0.0207768
0.0206702
0.0194508
0.0199768
0.0208744
0.0204758
0.0221479
0.0192533
0.0201894
0.020582
0.0210164
0.0214544
0.0216861
0.0214155
0.0201874
0.0204448
0.0197444
0.020137
0.0185717
0.022729
0.0199879
0.0208288
0.0208733
0.0200524
0.0218798
0.0211782
0.0207865
0.0203362
0.0200701
0.0219033
0.0222355
0.021735
0.0252789
0.0200904
0.0210318
0.0214478
0.0214669
0.0211512
0.0195037
0.0202146
0.0199144
0.0206804
0.0196956
0.0202598
0.0234082
0.0232202
0.0218785
0.0220162
0.0208513
0.0207605
0.019813
0.0203159
0.0213844
0.024809
0.0211304
0.0216377
0.021558
0.0222643
0.0207161
0.0203582
0.021326
0.0214125
0.0209086
0.0213934
0.0202851
0.0204028
0.0217474
0.0220746
0.0243382
0.0219361
0.0219201
0.0206413
0.022609
0.0208728
0.0210292
0.0203557
0.0197259
0.021196
0.0204577
0.0229035
0.0214627
0.0211358
0.0243283
0.021214
0.0222315
0.02239
0.0221885
0.0211372
0.0238617
0.0208871
0.0212414
0.0203102
0.0209075
0.020693
0.0211129
0.020131
0.0208085
0.0269521
0.0233739
0.0236528
0.0247884
0.0219986
0.0218518
0.0230088
0.0235672
0.0209856
0.0257115
0.0221136
0.0250015
0.021427
0.023457
0.0220416
0.0210321
0.0227801
0.0209488
0.022562
0.0213237
0.0258159
0.0230577
0.0214103
0.0247302
0.0217133
0.0236831
0.0215211
0.0231002
0.0284842
0.0216578
0.022014
0.0205703
0.0212088
0.0217114
0.022079
0.0250323
0.0259885
0.0241544
0.0255784
0.0299475
0.0250575
0.0245858
0.0251561
0.0240603
0.0239198
0.0248219
0.023731
0.0266486
0.0239545
0.025284
0.0246017
0.0272681
0.0263138
0.025394
0.0268229
0.0248312
0.0249241
0.0255296
0.0249098
0.025446
0.0248501
0.0253298
0.025051
0.0246036
0.0244807
0.0255775
0.0253859
0.0251098
0.0255407
0.0260991
0.0272517
0.0247416
0.0247611
0.0241387
0.0242335
0.0280429
0.0241986
0.0252222
0.0245191
0.0249541
0.0278896
0.0272642
0.0265385
0.0288058
0.0249753
0.0253982
0.0252957
0.026041
0.026201
0.0253302
0.0268922
0.0259855
0.0285909
0.029695
0.0262424
0.028299
0.0246768
0.0240539
0.0233868
0.0234044
0.0233674
0.0249573
0.0237269
0.0252275
0.02371
0.0236619
0.0247241
0.0234708
0.0240647
0.0240207
0.0254531
0.0276511
0.0268282
0.0265132
0.0240924
0.0246288
0.0261902
0.026095
0.027442
0.0289905
0.0287336
0.0268613
0.0279077
0.0267166
0.0281539
0.0247559
0.0277844
0.0283344
0.0271981
0.0271855
0.0283191
0.0272329
0.0265964
0.0272996
0.029466
0.0279725
0.0274885
0.027504
0.0279735
0.0268437
0.026664
0.0277196
0.0285636
0.0298138
0.0263338
0.0279698
0.0268042
0.0280777
0.0271709
0.0277924
0.027078
0.0267318
0.0268236
0.0258178
0.0266407
0.0278391
0.0275877
0.0281293
0.0265954
0.0248133
0.0264556
0.02594
0.0236718
0.024634
0.0263811
0.0246158
0.0245621
0.025612
0.0245978
0.0241885
0.0236725
0.0242885
0.0239333
0.0242312
0.0248142
0.0256275
0.0243091
0.0260284
0.0229426
0.0263761
0.0235094
0.0243571
0.023342
0.0230978
0.0227335
0.0230044
0.022966
0.0240423
0.0237606
0.0235982
0.0221934
0.0244932
0.0221787
0.0230441
0.0230411
0.023852
0.0235164
0.0224705
0.0225135
0.0227005
0.0227378
0.0223441
0.0228161
0.0227192
0.0223998
0.0222434
0.0230181
0.025261
0.0217825
0.0231399
0.0229567
0.0245978
0.0232415
0.0240469
0.0241218
0.0250932
0.0233197
0.023832
0.0234701
0.0221878
0.0258637
0.0281574
0.0270058
0.0240708
0.0241529
0.0254943
0.0236375
0.0229219
0.0235026
0.0221143
0.0238319
0.0237085
0.0280451
0.0258201
0.0242564
0.0270565
0.0236615
0.0247892
0.0270097
0.0278969
0.0237125
0.0252694
0.0241823
0.0259303
0.0278042
0.0263738
0.0247275
0.0247048
0.0244071
0.0267152
0.0256533
0.0272742
0.0272293
0.026124
0.0255323
0.0265595
0.0265821
0.0239776
0.0246809
0.0241075
0.0254952
0.025016
0.0264552
0.0243869
0.0246156
0.0246086
0.0251204
0.0250006
0.0256567
0.0263852
0.0231023
0.0258834
0.0268964
0.0264294
0.0267937
0.0271864
0.023513
0.0261347
0.0253432
0.0250077
0.0265349
0.0257691
0.0248383
0.0263357
0.027036
0.0238159
0.026306
0.0260527
0.026438
0.0257548
0.0255647
0.0273762
0.0254141
0.0257635
0.0272418
0.0259988
0.0251856
0.0259451
0.0278736
0.0264132
0.0266114
0.0271718
0.0250819
0.0255229
0.0252473
0.0261621
0.0270221
0.0263854
0.0270993
0.0273609
0.0248424
0.0272803
0.0251283
0.0272732
0.0264349
0.0238277
0.0246678
0.0236573
0.024618
0.0242627
0.0243263
0.0246341
0.0239103
0.024813
0.0238564
0.0241424
0.0275884
0.0258746
0.0235828
0.0242779
0.0260708
0.0255539
0.0265891
0.0244284
0.0238594
0.0317882
0.0257343
0.0260387
0.0236789
0.0237052
0.0244718
0.0238317
0.0272911
0.0267908
0.0240759
0.0241067
0.0244565
0.0254895
0.025286
0.0251127
0.02485
0.0237104
0.0241425
0.0249718
0.0271054
0.0234582
0.0255172
0.0242906
0.0233472
0.0242704
0.0260028
0.0247279
0.023977
0.0238928
0.0254676
0.0240312
0.023918
0.0248354
0.0240064
0.0232619
0.023947
0.0245065
0.0231011
0.0226509
0.0239956
0.0231984
0.0285349
0.0260182
0.0245744
0.0242595
0.0250758
0.0244189
0.0243979
0.0246017
0.0278424
0.0235385
0.0253974
0.0230573
0.0244281
0.0237995
0.0249905
0.0234129
0.0256782
0.0237837
0.0237056
0.0226404
0.0245474
0.0240793
0.023251
0.0252128
0.0243388
0.0234815
0.0233866
0.0228362
0.0272061
0.0234382
0.0251079
0.0235904
0.0243697
0.0233484
0.023258
0.0233782
0.0232603
0.0233851
0.0233914
0.0232377
0.0248843
0.0230343
0.0228407
0.0244508
0.0271166
0.0281518
0.0300629
0.0253964
0.0233235
0.0234276
0.0260843
0.0230657
0.0263962
0.0222401
0.0244721
0.0230269
0.0260483
0.0238112
0.0233099
0.0242742
0.0230309
0.0236104
0.0245135
0.0235779
0.0227555
0.0243061
0.0229498
0.0233161
0.03077
0.0231497
0.0226463
0.0228987
0.0229841
0.0236489
0.0230032
0.0246801
0.0256457
0.0244413
0.0256133
0.0234827
0.0236766
0.0252295
0.0227513
0.0230061
0.0231437
0.0241675
0.0249202
0.0229854
0.0278632
0.0245838
0.0241896
0.022667
0.0239917
0.0254701
0.0252511
0.0248605
0.0246158
0.0235593
0.0233141
0.0236108
0.0244597
0.0224999
0.0310926
0.0255309
0.0234557
0.0227751
0.0238376
0.0234832
0.0238884
0.0237872
0.024741
0.0230519
0.0243766
0.0228861
0.0223243
0.0231687
0.0218478
0.02295
0.0230358
0.0232458
0.0233653
0.0243674
0.0247873
0.0232534
0.0228438
0.0237785
0.0219653
0.0214801
0.0218104
0.0261078
0.0221949
0.0228913
0.0229285
0.0212327
0.0224429
0.0218372
0.02263
0.0219804
0.0221137
0.0312883
0.0215734
0.0212929
0.022199
0.0220173
0.0224647
0.0218497
0.0206547
0.021815
0.0212507
0.0219435
0.0207831
0.0236945
0.0229599
0.02389
0.0211223
0.0217809
0.0209727
0.0212814
0.0208134
0.0222263
0.0198467
0.0209003
0.0217424
0.020076
0.0212788
0.0204851
0.0208209
0.0214846
0.0223429
0.0242027
0.0206602
0.022142
0.0256611
0.0209379
0.0238803
0.0204571
0.0267008
0.0200856
0.0196242
0.0210718
0.0247682
0.0208142
0.020237
0.0241971
0.0210623
0.0213554
0.0214061
0.0233227
0.021925
0.0221271
0.021897
0.0218322
0.0212525
0.0221588
0.02268
0.0231384
0.0239401
0.0215477
0.0212434
0.0216419
0.0233886
0.0229219
0.0219687
0.0209997
0.0229836
0.0213844
0.0210536
0.0233716
0.0217248
0.023901
0.0241987
0.0221253
0.0223783
0.0216639
0.0214473
0.0221713
0.0215621
0.0233969
0.0237472
0.0229902
0.0220808
0.0227162
0.0224179
0.0232892
0.0242961
0.0218651
0.023756
0.0238467
0.0238715
0.022083
0.0214267
0.0223086
0.0238131
0.0237768
0.0299719
0.0216853
0.0225852
0.0248798
0.0220024
0.0215263
0.0319637
0.0219463
0.0231032
0.0223509
0.0244219
0.0225538
0.0227833
0.0236546
0.0234982
0.0233023
0.023712
0.023535
0.0245932
0.022345
0.0230573
0.0226235
0.0224963
0.0221076
0.0230299
0.0240411
0.0226389
0.023765
0.0245288
0.022769
0.0230983
0.0237398
0.0240047
0.0244573
0.0243796
0.0242981
0.0249124
0.0229254
0.0225498
0.0232357
0.0259366
0.0248732
0.0258053
0.0238258
0.0229853
0.0222702
0.0236706
0.0232573
0.0230849
0.0224579
0.0213419
0.0218787
0.0234681
0.0242255
0.0228346
0.0225565
0.0258841
0.0241541
0.0222036
0.0216821
0.0218027
0.0228904
0.0216042
0.0227263
0.0230488
0.023899
0.0223104
0.0229746
0.0226799
0.0248976
0.0227258
0.0221237
0.0220971
0.0222118
0.0219781
0.0222985
0.0208593
0.0255063
0.0220708
0.0223729
0.020848
0.0236106
0.0219828
0.0218035
0.0258506
0.0229501
0.0223486
0.0220055
0.0214483
0.0219876
0.0238614
0.0218763
0.0235371
0.0225305
0.0221234
0.0210007
0.0260445
0.0220468
0.0223167
0.0231209
0.0224557
0.0223012
0.0214871
0.0225338
0.0229758
0.0228238
0.0232007
0.0233424
0.022496
0.0225931
0.0261016
0.0248185
0.0234318
0.0237509
0.0232523
0.0249269
0.0230432
0.0232702
0.0251175
0.0249186
0.0248387
0.0233277
0.0242875
0.0246342
0.0249864
0.0238289
0.0238785
0.0231569
0.0235114
0.0242379
0.0236565
0.0258005
0.0241924
0.0257293
0.0242269
0.0236501
0.0256488
0.0238751
0.0254564
0.0244979
0.0248802
0.0246198
0.0256025
0.0234648
0.0256151
0.0247529
0.0245147
0.0237543
0.0242761
0.02387
0.0246129
0.0231969
0.0264991
0.0238183
0.0229989
0.023393
0.026194
0.0226811
0.022888
0.0251233
0.0236831
0.023408
0.0232319
0.0233271
0.0240886
0.0227153
0.0233016
0.0244982
0.0246832
0.0239735
0.0256471
0.0261873
0.0247468
0.0247863
0.024448
0.024051
0.0234059
0.0243162
0.0249898
0.0240434
0.0230384
0.0246738
0.0243256
0.0240345
0.0254824
0.0274514
0.0248202
0.0238344
0.0235362
0.0286163
0.0250419
0.0241227
0.0240879
0.0281684
0.0249533
0.0257467
0.0237079
0.0248788
0.0243641
0.0234861
0.0229721
0.0245876
0.0255502
0.0258344
0.0231009
0.0236698
0.0241862
0.0234724
0.0237215
0.0271861
0.0238317
0.0238469
0.0244952
0.022557
0.0253691
0.0322139
0.022885
0.0236282
0.0238135
0.023174
0.0243195
0.0237263
0.0224992
0.0245301
0.02367
0.0234598
0.0264418
0.0240876
0.0235233
0.0247384
0.0322951
0.0244297
0.0246463
0.0239399
0.0237141
0.0288213
0.024112
0.0268681
0.0242823
0.0248596
0.0238079
0.0243074
0.0254365
0.0237628
0.0231976
0.0237862
0.0226562
0.022664
0.0256226
0.0244059
0.0297568
0.0264329
0.0236992
0.0247121
0.0216353
0.0249308
0.0227975
0.0239827
0.0267043
0.0245673
0.0241861
0.0246109
0.0219451
0.0222706
0.0209249
0.0208133
0.0212968
0.021256
0.0212159
0.0218272
0.0218628
0.0215642
0.0215676
0.0239737
0.0218278
0.0234001
0.0235931
0.021922
0.0229908
0.0216479
0.021358
0.0214977
0.022762
0.020995
0.0211906
0.0247664
0.0213479
0.0238679
0.022238
0.0218665
0.0234601
0.0228648
0.0226966
0.026714
0.0238462
0.024531
0.0245789
0.0244961
0.0233683
0.0239007
0.0231884
0.0243943
0.0216836
0.0222441
0.0229747
0.0249437
0.0251368
0.0252691
0.0233404
0.0236563
0.0238284
0.0242298
0.0231577
0.0254774
0.0234084
0.0232716
0.0235853
0.0238343
0.0242334
0.0256942
0.0240923
0.0230534
0.0231486
0.0228206
0.0227303
0.0274235
0.0238177
0.0217766
0.0230321
0.0231473
0.0226911
0.0243336
0.0234795
0.0228107
0.0240083
0.0239971
0.025232
0.0232587
0.0228086
0.0259908
0.0231107
0.023702
0.0241742
0.0275769
0.0243725
0.0246388
0.0244345
0.0250653
0.0252478
0.0244666
0.0238508
0.0246062
0.0256658
0.0272762
0.0246348
0.024786
0.0242367
0.0241041
0.024568
0.0248127
0.0234264
0.0224987
0.0231208
0.0320011
0.0263825
0.0236304
0.0231215
0.0238067
0.0230766
0.0253955
0.024123
0.0261715
0.02246
0.0260444
0.0231848
0.0235497
0.0221337
0.0231984
0.0240662
0.0231996
0.0222377
0.0229868
0.0232523
0.0294115
0.0232149
0.0236215
0.0235499
0.0235312
0.0235678
0.0236442
0.0249143
0.0249323
0.0266502
0.0264557
0.0252971
0.0248121
0.0247306
0.0218547
0.0221746
0.0210716
0.0270158
0.0217813
0.0205342
0.0215688
0.0201528
0.0199713
0.0212097
0.0222266
0.0199861
0.0198658
0.0195042
0.0181559
0.0184476
0.0191266
0.0200343
0.0200354
0.0218574
0.0197435
0.0226241
0.0187934
0.0273531
0.0212278
0.0234412
0.0190298
0.0193259
0.0191511
0.0192624
0.0198635
0.0186198
0.0189649
0.0197345
0.0251613
0.0207102
0.0229376
0.0208803
0.0215017
0.0199347
0.021258
0.0229505
0.0231905
0.0233033
0.0271583
0.0249022
0.0217218
0.0242394
0.0255587
0.0272792
0.0245171
0.0257049
0.0258653
0.0271711
0.0255015
0.0246278
0.0273695
0.0245903
0.0293846
0.030109
0.0269355
0.0315317
0.0251651
0.0254843
0.0253911
0.0256937
0.0283073
0.026631
0.0259334
0.0262634
0.026525
0.0246599
0.0240616
0.0242273
0.0238346
0.0260236
0.0237212
0.0238748
0.0246996
0.0237421
0.0229015
0.0259051
0.0252124
0.0252526
0.0252738
0.0284196
0.0235788
0.0232289
0.0215644
0.021961
0.0231421
0.0224637
0.0212204
0.0223646
0.022046
0.0221675
0.0237205
0.0241389
0.0224435
0.0223565
0.0236602
0.0226502
0.0219731
0.0220213
0.0210846
0.0223631
0.0219037
0.0254491
0.0221269
0.0230748
0.0211832
0.0217674
0.0208793
0.0213578
0.0222256
0.0228389
0.0206477
0.0213325
0.0211279
0.0220244
0.024013
0.0215371
0.0229411
0.0232759
0.0225688
0.0230334
0.0225907
0.0229445
0.0226027
0.0224907
0.0229881
0.0218686
0.0215928
0.0215856
0.0228018
0.0218622
0.0243722
0.0238286
0.0224368
0.0219577
0.0216789
0.0209473
0.02128
0.0212178
0.0216789
0.0236945
0.0214146
0.0196142
0.0205129
0.0200293
0.0206043
0.0192863
0.019317
0.0193051
0.0189339
0.0218698
0.0229649
0.0218477
0.0220988
0.0200104
0.0202832
0.0215598
0.0195647
0.0199265
0.0198008
0.02168
0.0210134
0.0208363
0.0201678
0.0213916
0.020696
0.023721
0.0212244
0.0215295
0.0205154
0.0216809
0.0200964
0.0206551
0.0222977
0.0213759
0.0216888
0.0214409
0.0207138
0.0205181
0.0212941
0.0228573
0.0208558
0.0204249
0.0197078
0.0198229
0.0207404
0.0203448
0.0207259
0.0198568
0.0218602
0.0215276
0.0224802
0.0204413
0.0198036
0.0199958
0.0195071
0.0196881
0.02321
0.0199283
0.0200532
0.0189204
0.0196626
0.0204641
0.0216154
0.0193657
0.0197008
0.0203634
0.0197779
0.0203618
0.0212681
0.0214241
0.020367
0.0205681
0.0209865
0.0207465
0.0202516
0.0194475
0.0207101
0.0203436
0.0226379
0.0189173
0.0209396
0.0312448
0.0211694
0.0205874
0.0199234
0.0203885
0.020907
0.0216429
0.0201824
0.0202887
0.0200486
0.0204284
0.0192415
0.0205004
0.0202796
0.0201763
0.0217399
0.0200075
0.0197218
0.0230141
0.0200433
0.019736
0.018967
0.0189456
0.0203585
0.0208492
0.0208611
0.021455
0.020803
0.0207274
0.0218681
0.0241588
0.0209892
0.0250168
0.0227683
0.021476
0.0225922
0.0221133
0.0217048
0.0219759
0.0217144
0.0203601
0.0231499
0.0221389
0.0298788
0.0206641
0.0214063
0.0217714
0.0207775
0.021638
0.0218097
0.022682
0.0214239
0.022976
0.0216981
0.0232731
0.0219892
0.0211583
0.0222356
0.0217254
0.0211722
0.0212465
0.0214357
0.0226599
0.0197764
0.0195173
0.0207368
0.0274201
0.0212722
0.0194473
0.0192913
0.0193198
0.0193962
0.0196776
0.0203532
0.0212753
0.0198691
0.0197231
0.0200099
0.0196072
0.0196076
0.0192994
0.0197541
0.0204121
0.0202629
0.0212451
0.022007
0.0197068
0.0193525
0.0194214
0.019774
0.0223428
0.0185712
0.0188274
0.0196492
0.0187418
0.0191393
0.019368
0.0187508
0.0203413
0.0193896
0.0209509
0.0200833
0.0187161
0.0189216
0.0195242
0.0189347
0.0197503
0.0189337
0.0188748
0.0199476
0.0190636
0.0194881
0.0191214
0.0187852
0.0199608
0.0189716
0.0195975
0.0190497
0.0207328
0.0211571
0.0213782
0.0196039
0.019789
0.0185051
0.0197886
0.0194006
0.0190862
0.0203632
0.0200573
0.0188148
0.019125
0.0198404
0.0196956
0.018777
0.0212686
0.0204182
0.0197555
0.0197124
0.0216572
0.0201361
0.0194022
0.0200116
0.0207009
0.0207866
0.0209469
0.0205954
0.0205305
0.0206645
0.0203721
0.0201432
0.0220733
0.0202479
0.0208094
0.0197676
0.0213213
0.0210822
0.0222539
0.0215954
0.0203843
0.0204313
0.0204545
0.0210895
0.0211432
0.0236508
0.022783
0.0224961
0.0212253
0.0223394
0.0222026
0.0243955
0.0210809
0.022055
0.0227954
0.0220299
0.0234408
0.0241864
0.0230881
0.0237268
0.0246366
0.0238744
0.0237309
0.0226429
0.0235742
0.0242481
0.0252136
0.0238542
0.0236326
0.0230364
0.0227006
0.0269574
0.0248375
0.0232737
0.0267046
0.0233293
0.0225458
0.0236629
0.0236366
0.0223753
0.0241916
0.0239095
0.0224069
0.0226953
0.0237041
0.0228596
0.0233412
0.0218768
0.0236181
0.0213352
0.0221345
0.0223692
0.0221405
0.0220079
0.0208784
0.0207624
0.021762
0.0214627
0.0210677
0.0213299
0.0214399
0.0212926
0.0218409
0.0217684
0.022122
0.0216195
0.0210751
0.0254111
0.020587
0.0223353
0.023018
0.0217031
0.0204533
0.0211399
0.021031
0.0211683
0.0207591
0.0210375
0.0215251
0.0207254
0.02047
0.0200149
0.0208583
0.0247478
0.0200871
0.0221236
0.0198984
0.0202442
0.0205245
0.0198358
0.0199929
0.0195748
0.0189874
0.0207047
0.0199124
0.018871
0.0183054
0.0212887
0.0179499
0.018081
0.0243371
0.0193393
0.0188305
0.0192654
0.0174912
0.0169747
0.0188387
0.0178146
0.0174007
0.0173656
0.0211586
0.0195296
0.0170648
0.0170351
0.0185596
0.0163038
0.0167088
0.0160375
0.0156178
0.0192077
0.0157279
0.0159651
0.0147014
0.0160796
0.0152693
0.015538
0.0148677
0.0142119
0.0151561
0.0145286
0.0142097
0.0160395
0.0145285
0.0146189
0.0170714
0.0144587
0.0148216
0.0154708
0.0152018
0.0142311
0.0139188
0.0154717
0.0142881
0.0156948
0.014177
0.0142016
0.0144452
0.014671
0.0155479
0.0145735
0.015127
0.015671
0.0143819
0.0148205
0.0156495
0.0155325
0.0144715
0.0331576
0.0275441
0.0302046
0.0234078
0.0174849
0.0187971
0.0184424
0.0171066
0.0197064
0.0169605
0.0179532
0.0189932
0.0193176
0.0185615
0.0196849
0.0174613
0.0167533
0.017401
0.0177928
0.0194931
0.0178456
0.0171686
0.0165587
0.017082
0.0171683
0.0166704
0.0173826
0.0191251
0.0195574
0.017299
0.0173376
0.0174743
0.0181681
0.0182572
0.0204789
0.0173559
0.0172865
0.0178314
0.0170973
0.0187033
0.0195562
0.0180553
0.0205638
0.0178167
0.0176193
0.0172948
0.0178058
0.0184772
0.0192048
0.0190883
0.0199973
0.018924
0.0203071
0.0182924
0.0187703
0.019388
0.0199473
0.0187145
0.0196135
0.0191023
0.0195068
0.020179
0.0192456
0.0198401
0.0197058
0.0192401
0.0189597
0.019225
0.0189293
0.0195681
0.0196075
0.022895
0.0195569
0.0194965
0.0194354
0.019043
0.019275
0.0192385
0.0189671
0.0185481
0.0187535
0.0194989
0.0192372
0.0188897
0.0192785
0.0194358
0.01942
0.0192641
0.0189697
0.0193033
0.0182857
0.0280692
0.0182414
0.0182871
0.0217134
0.0197202
0.0190998
0.0187794
0.0198331
0.0192452
0.0195614
0.0195627
0.0194079
0.0193013
0.0196486
0.0197729
0.0205811
0.0194622
0.0201638
0.0194587
0.0206457
0.0194231
0.0190672
0.0186426
0.0199311
0.022398
0.0192438
0.0201999
0.0192682
0.0195147
0.019838
0.0185807
0.0194011
0.0191215
0.0188201
0.0195277
0.0193203
0.0199798
0.0205108
0.0203926
0.0206198
0.0199131
0.0232633
0.0208093
0.0208543
0.0199816
0.0202517
0.0213498
0.021121
0.0207589
0.020515
0.0224615
0.0215189
0.0213342
0.0229824
0.02174
0.0219274
0.0213374
0.022111
0.0205589
0.0218161
0.022308
0.0214542
0.0213148
0.0226397
0.0211314
0.021167
0.0199736
0.0194831
0.0209543
0.0202988
0.0212916
0.0198993
0.0257087
0.019393
0.0186638
0.0188979
0.0204169
0.0190868
0.0199167
0.0190839
0.019112
0.0195924
0.0207696
0.0189162
0.0199587
0.0202535
0.0182888
0.018646
0.0182277
0.0184903
0.0206988
0.0181316
0.0198489
0.0186419
0.0186507
0.0196837
0.0173646
0.0183592
0.0177339
0.0175051
0.0180381
0.0184528
0.0179975
0.0182553
0.0187441
0.0220666
0.0178228
0.0187889
0.0180962
0.0187972
0.0194337
0.0188812
0.0179773
0.0191524
0.0197017
0.0195579
0.0194321
0.0189645
0.0204193
0.019416
0.0197941
0.0184303
0.0191018
0.0186446
0.0192189
0.0189946
0.0209145
0.0186972
0.0209826
0.0192336
0.0201889
0.0188272
0.0193656
0.0187353
0.0188438
0.0212188
0.0188054
0.0190618
0.0184232
0.0190424
0.0195657
0.0190996
0.0191901
0.0185273
0.0189665
0.0211633
0.0208926
0.0187629
0.0186292
0.0198787
0.021483
0.0188085
0.0186311
0.0191514
0.0185195
0.0210395
0.018209
0.019751
0.0190722
0.019478
0.0219785
0.019163
0.0194029
0.0189816
0.0218648
0.0201274
0.0202089
0.0193504
0.0203164
0.0196867
0.0194811
0.0202945
0.0202198
0.0210115
0.0197706
0.0214055
0.0237173
0.019774
0.0184624
0.0189909
0.0209076
0.0207512
0.0195215
0.0202883
0.0212654
0.01815
0.0212633
0.0183244
0.0194618
0.0186644
0.018936
0.0192572
0.0202937
0.0191461
0.0198076
0.0205899
0.0212156
0.0201776
0.0203035
0.020358
0.0204842
0.0208365
0.0203396
0.0210626
0.0208632
0.0207339
0.0204306
0.0206247
0.0234192
0.0241523
0.0213461
0.021562
0.0215163
0.0212319
0.0213895
0.0195366
0.0201524
0.0193017
0.0203016
0.0240548
0.0198
0.0209971
0.0202666
0.0212319
0.0201786
0.0232734
0.0194648
0.0206107
0.0207081
0.0206013
0.019424
0.0190989
0.0228055
0.019566
0.0209346
0.0217693
0.0308646
0.0222444
0.0221238
0.0203605
0.0200924
0.0203897
0.0208079
0.0208812
0.0203219
0.0200392
0.0205694
0.0219085
0.020709
0.0195989
0.0225499
0.0230693
0.0210238
0.0193814
0.0207935
0.0198105
0.0218533
0.0225303
0.0203699
0.0232461
0.0215291
0.0204827
0.0199559
0.0221947
0.0203731
0.0199352
0.0208109
0.0224473
0.0210998
0.0233792
0.0204329
0.0228867
0.0202556
0.0204841
0.024044
0.0198706
0.0213674
0.0201909
0.0213956
0.0213701
0.0225692
0.0219408
0.021168
0.0233085
0.0215553
0.0206637
0.0200739
0.020135
0.0227028
0.0223736
0.0199078
0.0204615
0.0232002
0.0207371
0.0212988
0.022747
0.0219075
0.0209222
0.0205965
0.020561
0.0204942
0.0241776
0.0210903
0.0210263
0.0217284
0.0196537
0.0200087
0.0205076
0.020144
0.0200905
0.020422
0.0210672
0.0207127
0.0215321
0.0207766
0.0205971
0.0213063
0.0203789
0.0214843
0.0204517
0.022133
0.0213348
0.0207629
0.0213264
0.0227284
0.0234787
0.022295
0.021236
0.0265921
0.0210993
0.0228919
0.0209082
0.0314325
0.0224214
0.0218705
0.0224826
0.0223372
0.0205896
0.0238467
0.0225959
0.0213014
0.0230351
0.0214989
0.0227176
0.0210149
0.0230935
0.0218677
0.0221626
0.0227646
0.0295904
0.0222504
0.0243045
0.025753
0.0296997
0.0250414
0.0242932
0.02623
0.0256385
0.0243254
0.0272217
0.0224199
0.024431
0.0257401
0.0234856
0.0242574
0.0232899
0.0246053
0.0251481
0.0232652
0.0239184
0.0251351
0.0239457
0.0237499
0.0254598
0.0231703
0.0225361
0.0232779
0.0237619
0.0233168
0.0243855
0.0235037
0.0254969
0.0235705
0.0232225
0.0231605
0.0233629
0.0242319
0.0231347
0.0250112
0.0245825
0.0269662
0.0257259
0.0241844
0.0253445
0.0348108
0.0246867
0.024792
0.0249462
0.0252622
0.0245865
0.0246599
0.0268655
0.0254985
0.025968
0.0246854
0.0246629
0.0245344
0.0238974
0.023984
0.0242433
0.0250334
0.0276771
0.0248429
0.0252467
0.024958
0.0260348
0.0271479
0.0273975
0.0280201
0.0256888
0.0290387
0.0262468
0.0294606
0.0264726
0.0298732
0.0251634
0.0292095
0.0262761
0.0268323
0.0254538
0.0279292
0.0282316
0.0257556
0.0272853
0.0261363
0.0257818
0.0314987
0.0283408
0.0280949
0.0281776
0.0260133
0.0278264
0.0284217
0.0273092
0.0280062
0.0304028
0.028544
0.0317834
0.0289134
0.0270119
0.0333692
0.0313227
0.0274058
0.030386
0.0282742
0.0270205
0.0281033
0.0254233
0.0250284
0.0271366
0.0265809
0.027373
0.029758
0.0272893
0.0306192
0.0277006
0.0276563
0.0299843
0.0285513
0.0288825
0.0268869
0.0277708
0.0262161
0.0268604
0.0319734
0.0240416
0.0275313
0.0236937
0.0244873
0.0246275
0.0246922
0.0243915
0.0243935
0.0267534
0.0249438
0.027367
0.0243547
0.0255512
0.0238844
0.0257019
0.02482
0.0257582
0.0231446
0.0230568
0.0222344
0.0236557
0.0226697
0.0242971
0.0235049
0.0244058
0.0229679
0.0243465
0.0228428
0.0225553
0.0231831
0.0226399
0.0241212
0.023349
0.02289
0.0231304
0.0227502
0.0223238
0.0226169
0.0235026
0.0218475
0.0228665
0.0265941
0.023482
0.0229951
0.0231899
0.023785
0.0230896
0.0236694
0.0237282
0.0252655
0.0234839
0.0233941
0.0231295
0.0246042
0.0228817
0.022878
0.0239588
0.0234828
0.0232085
0.0247032
0.0256097
0.0240873
0.0238709
0.0245063
0.0235727
0.023798
0.0246895
0.023538
0.0263143
0.0276742
0.0290438
0.0240927
0.0262623
0.0251423
0.0262611
0.0235943
0.0258473
0.0238664
0.0254623
0.0263876
0.0252423
0.0255589
0.026706
0.0258895
0.0263015
0.0248277
0.0258713
0.0275711
0.0256931
0.0253136
0.0253795
0.0274176
0.0245446
0.0263315
0.0251996
0.0254992
0.0237629
0.0286475
0.0226827
0.0254187
0.0263276
0.0249136
0.0262522
0.0259634
0.0252971
0.0256944
0.0252558
0.0260747
0.0254512
0.0264465
0.0244271
0.0263847
0.025823
0.0260893
0.0247918
0.0260243
0.025927
0.0255196
0.0259451
0.0258914
0.0276849
0.0267804
0.0257928
0.0263979
0.0253186
0.0253237
0.0252772
0.025441
0.0253112
0.0273056
0.0261056
0.0259974
0.0247094
0.0246991
0.0255275
0.0255078
0.0258786
0.0251094
0.0266925
0.0262941
0.0257606
0.0277711
0.025954
0.0264707
0.0262976
0.0268544
0.0267814
0.0257152
0.0238408
0.0248753
0.0255646
0.0265534
0.0240123
0.0262567
0.0244279
0.0246089
0.0252505
0.0255249
0.0244283
0.0260019
0.0259414
0.0254201
0.0269067
0.0244932
0.0271425
0.0251007
0.0235786
0.0238026
0.0240683
0.0245997
0.0234145
0.0232559
0.0253511
0.0234141
0.0247739
0.024851
0.034595
0.0232985
0.0235958
0.0228291
0.0242615
0.0239483
0.023289
0.0235701
0.0256042
0.0233079
0.0239868
0.0264457
0.0243515
0.0254893
0.0235999
0.0247079
0.0235936
0.0240357
0.0244219
0.0233987
0.0273793
0.0249095
0.0261492
0.0233673
0.0241492
0.023508
0.0266999
0.0250867
0.0240342
0.0243601
0.0240309
0.0235206
0.0253932
0.025521
0.0233478
0.0237483
0.0244104
0.0238031
0.0285054
0.0245161
0.0245977
0.024759
0.0249195
0.0245453
0.0242251
0.0252069
0.0240594
0.0241107
0.0231913
0.0253823
0.0249966
0.0292141
0.0251972
0.0233932
0.0276699
0.025596
0.0231387
0.0226627
0.02315
0.0237856
0.0284716
0.0252047
0.0263756
0.0223175
0.0229601
0.0232326
0.0239373
0.0242596
0.0233231
0.0224018
0.0230502
0.0225317
0.0267631
0.0230212
0.023524
0.023627
0.0231068
0.0231766
0.0227518
0.0230552
0.0218141
0.024046
0.0228737
0.0240971
0.0230597
0.0241846
0.0227681
0.0226832
0.0225033
0.0229619
0.0276916
0.0232338
0.0233438
0.0237877
0.0237153
0.0230597
0.0225089
0.026657
0.0226919
0.0245013
0.0222593
0.0259126
0.0223477
0.0350399
0.0263931
0.0223476
0.0220879
0.0224096
0.0241308
0.0220483
0.0245696
0.022896
0.0242763
0.022386
0.0237291
0.0228218
0.0227212
0.0226303
0.0231324
0.0241515
0.0242547
0.0232682
0.0229943
0.0239666
0.0275601
0.0253153
0.0227233
0.0232837
0.0262919
0.0233671
0.0238434
0.0239446
0.0231323
0.0283759
0.0225858
0.0229872
0.0252369
0.0225616
0.0223166
0.0232156
0.0250302
0.0236125
0.0228949
0.0236082
0.0229074
0.023542
0.0241888
0.0231011
0.0231043
0.0252305
0.0222314
0.0219551
0.0251692
0.0247772
0.0232539
0.0223361
0.023984
0.0221829
0.0215288
0.0238846
0.0224839
0.022265
0.0214518
0.0224003
0.022513
0.0213468
0.0234096
0.0219999
0.023878
0.0226421
0.0230447
0.0207995
0.0212624
0.0212957
0.0213493
0.020561
0.0207827
0.0214476
0.020618
0.0214355
0.023262
0.0219848
0.0218316
0.0230214
0.0210863
0.0204132
0.0206181
0.020661
0.0247652
0.0217775
0.0224044
0.01975
0.02122
0.019844
0.0220896
0.0200359
0.0201765
0.0216599
0.0206561
0.0214168
0.020981
0.0203607
0.0208197
0.0198406
0.0221412
0.0213564
0.0222404
0.0201182
0.0202127
0.0221145
0.0202169
0.0223612
0.0200556
0.0204395
0.0212037
0.021343
0.020392
0.0202676
0.0233169
0.0201537
0.0203428
0.022506
0.0210503
0.0205456
0.020398
0.0228441
0.0218697
0.0217256
0.0219684
0.0206125
0.0215341
0.021205
0.0241957
0.0209215
0.0206051
0.0213823
0.0218428
0.0217659
0.0212184
0.0224068
0.0206547
0.0208477
0.02266
0.0202301
0.0225259
0.0219802
0.0216978
0.0218308
0.0211102
0.021559
0.0221021
0.0212468
0.0217768
0.0231948
0.020826
0.0204477
0.0215653
0.0221473
0.0224967
0.0241433
0.0257008
0.0235827
0.0236211
0.0236014
0.0226593
0.0218795
0.0219375
0.02321
0.0219753
0.0212632
0.0220799
0.0227886
0.0225145
0.021622
0.0217769
0.0261
0.0217357
0.0217138
0.0227153
0.0240298
0.0264105
0.0226529
0.024112
0.0225947
0.0236114
0.023228
0.0244528
0.0231048
0.0246949
0.0245753
0.0222679
0.022328
0.0239107
0.0220156
0.0250756
0.0227276
0.0238685
0.025005
0.0233683
0.0230389
0.0235895
0.0235766
0.023046
0.023415
0.0226773
0.0237007
0.0228374
0.0222399
0.0235727
0.0241369
0.023294
0.0221529
0.0226977
0.0267773
0.0212941
0.0224982
0.0225865
0.0218221
0.0232821
0.0217268
0.0226561
0.0231239
0.0233008
0.0224977
0.0235406
0.0224446
0.0225381
0.0241143
0.0222194
0.0215446
0.0224873
0.021085
0.0219465
0.0220229
0.0225168
0.0215396
0.0222689
0.0220945
0.0220878
0.0308957
0.0216671
0.0225924
0.0220552
0.0228796
0.0211249
0.0206865
0.021397
0.023343
0.0231943
0.019947
0.023913
0.0224066
0.0213776
0.0218571
0.0216236
0.0209606
0.0214087
0.0230441
0.0221366
0.0217572
0.0213235
0.0214236
0.0222204
0.0219637
0.0211906
0.0237188
0.0246482
0.0216223
0.0217779
0.021611
0.0220543
0.0214756
0.0216782
0.0221203
0.021841
0.0224211
0.0228334
0.022115
0.0230216
0.0262924
0.0292248
0.0230176
0.0226338
0.0247933
0.0234233
0.0245203
0.0227384
0.024043
0.0241482
0.0223939
0.0251265
0.0235053
0.0243166
0.0276008
0.0249182
0.02342
0.0258443
0.0232197
0.0240044
0.0226817
0.0246489
0.0233316
0.023452
0.0246107
0.0251421
0.0235459
0.0228333
0.0242496
0.024095
0.0245204
0.0233891
0.0240016
0.0228428
0.023412
0.0250855
0.0227921
0.0237282
0.0255827
0.0242503
0.0238724
0.0247856
0.0230155
0.0220924
0.0233257
0.0226682
0.0228926
0.026164
0.0227104
0.0225103
0.0226458
0.024849
0.022389
0.022262
0.0227607
0.0221564
0.0231242
0.0246795
0.0236883
0.0242568
0.0245631
0.0232865
0.0234903
0.0235351
0.0249731
0.0232563
0.0236279
0.0255414
0.024817
0.0244481
0.0231395
0.0250459
0.0246149
0.0237415
0.0246579
0.02492
0.023808
0.0235603
0.0236757
0.0249725
0.0249925
0.0238984
0.0233073
0.0234963
0.0240641
0.0236354
0.0236108
0.0237542
0.0238051
0.0229938
0.0238012
0.0244536
0.0269263
0.0241998
0.0250809
0.0236139
0.0244079
0.0233352
0.0241663
0.024979
0.0238174
0.022892
0.0233793
0.0215702
0.0233708
0.0230189
0.0229585
0.0228086
0.0229182
0.0225498
0.0236207
0.0247549
0.0238307
0.0245357
0.0250226
0.0283808
0.0233748
0.0239828
0.0236361
0.0237098
0.023489
0.0237259
0.024931
0.0243709
0.0247648
0.027263
0.0268115
0.0242759
0.0255048
0.0249159
0.0246144
0.02517
0.02429
0.0254953
0.0232301
0.0234242
0.0243887
0.0232291
0.0254557
0.0295728
0.0213059
0.0268802
0.0286291
0.0284981
0.0197814
0.0182821
0.018375
0.0207887
0.0203092
0.0207334
0.0201284
0.017116
0.019158
0.0196674
0.0196129
0.0184115
0.0185172
0.016302
0.0229018
0.018549
0.0174465
0.0167176
0.0191567
0.0185147
0.0207979
0.0252906
0.0179947
0.0198483
0.0179436
0.0188798
0.0178427
0.0179525
0.0179878
0.0173146
0.0197047
0.0215094
0.0184704
0.0181062
0.0187735
0.0187728
0.0184105
0.018983
0.0200793
0.0191873
0.017439
0.0183516
0.0179985
0.0201028
0.0194172
0.0191816
0.0187377
0.0185576
0.0191976
0.0185333
0.0195032
0.018542
0.0187177
0.0195577
0.0228565
0.019093
0.0203149
0.0193327
0.0207184
0.0196661
0.0205892
0.0187817
0.0198588
0.0201097
0.0194807
0.0201799
0.0216259
0.0194012
0.0202018
0.0199193
0.0196742
0.0196893
0.0195365
0.0202824
0.018523
0.019713
0.0202686
0.020361
0.0191168
0.0197233
0.0194483
0.020804
0.021717
0.0191155
0.0211017
0.0188358
0.0195061
0.0190198
0.0195838
0.0228944
0.0200327
0.0194257
0.0199349
0.019729
0.0207936
0.0192505
0.0200619
0.0197364
0.0197558
0.0191507
0.0214578
0.0193424
0.0195795
0.0192859
0.0204277
0.0194112
0.0207429
0.0188558
0.0197956
0.0202069
0.0197431
0.0193789
0.0200062
0.0200346
0.0194623
0.0219977
0.0204634
0.0191978
0.0199488
0.0187979
0.0202071
0.0210352
0.0204787
0.021006
0.0223816
0.0204799
0.0212453
0.02159
0.0213138
0.0210789
0.0215917
0.0203362
0.0206249
0.0215975
0.021318
0.020768
0.0232578
0.02113
0.0212471
0.0225372
0.0207423
0.024791
0.0241508
0.0248267
0.0228358
0.0250929
0.0254563
0.027064
0.0241922
0.0242842
0.0253994
0.0238431
0.0225496
0.0223424
0.0245823
0.0247065
0.0235689
0.0225348
0.0231265
0.0222937
0.0214357
0.0216836
0.0233931
0.0221071
0.0219837
0.0217034
0.0219057
0.0230129
0.0236147
0.0213815
0.0233987
0.0231355
0.0283782
0.0210696
0.021213
0.021292
0.0203032
0.0209552
0.0212109
0.0236688
0.0203077
0.0207372
0.0208157
0.0206789
0.0201396
0.0201413
0.0198194
0.0205142
0.0199586
0.0221884
0.0199572
0.0210079
0.0207928
0.0207414
0.0225811
0.0216593
0.0228848
0.0209036
0.0211837
0.0215601
0.0218236
0.0218235
0.0213979
0.021441
0.0231585
0.0217813
0.0209485
0.0208071
0.021934
0.0222407
0.0213947
0.0231289
0.0231085
0.021695
0.0217116
0.0225629
0.0218662
0.0227983
0.0215427
0.0213913
0.0209618
0.0222629
0.0229762
0.0230118
0.0203084
0.0230337
0.0226464
0.022196
0.0217679
0.0209819
0.022607
0.0218344
0.0234428
0.0220198
0.0214458
0.0204197
0.0216455
0.0221055
0.021994
0.0221869
0.0219712
0.0207564
0.0213905
0.0219749
0.0219936
0.0209314
0.0214424
0.020776
0.0222888
0.0218561
0.0238295
0.0213326
0.0218947
0.0222364
0.0220452
0.0224348
0.0221239
0.0211943
0.0229223
0.0214168
0.0212755
0.0225247
0.0229041
0.0207556
0.0222577
0.0215551
0.0227609
0.0235759
0.0231334
0.0226554
0.0209083
0.0214821
0.0243717
0.0216848
0.0212853
0.0214878
0.024835
0.0220391
0.023036
0.0228384
0.0214905
0.0215854
0.0222257
0.0226414
0.0243701
0.0230206
0.0227186
0.0254083
0.0290435
0.0243471
0.0246208
0.023015
0.0237224
0.0248515
0.0229679
0.0243151
0.0251477
0.0272181
0.0248525
0.0242778
0.0244043
0.0225895
0.0221286
0.0218545
0.0222555
0.0243181
0.0217189
0.0229204
0.0228241
0.0245858
0.0230787
0.0212938
0.0222346
0.0223151
0.0218595
0.0272726
0.0215497
0.0220995
0.0248207
0.0224182
0.0224867
0.0234324
0.0230371
0.0236988
0.0255784
0.0254854
0.0231669
0.0222362
0.0254754
0.0250823
0.0245373
0.0236187
0.0243067
0.0235785
0.0241373
0.0250538
0.0261005
0.0228903
0.0224332
0.0231892
0.0236412
0.0252794
0.0241831
0.0230598
0.0243284
0.0267624
0.0272258
0.0269066
0.0238269
0.0220777
0.0216484
0.0259796
0.0233661
0.0242423
0.0220316
0.0232581
0.0244289
0.0257327
0.0222372
0.023358
0.023759
0.0241567
0.0240113
0.0231869
0.0234159
0.0245751
0.0246715
0.0251253
0.0241755
0.0237328
0.0236632
0.0217635
0.0233718
0.0254168
0.0233583
0.0237256
0.0262194
0.0221621
0.0242879
0.0231998
0.0250789
0.0234867
0.023415
0.023159
0.0258956
0.02196
0.0236126
0.0253337
0.023194
0.0262636
0.0239252
0.0240308
0.0226106
0.0247117
0.0221365
0.0249671
0.0242979
0.0220182
0.0231817
0.0259572
0.0240977
0.0249151
0.0259562
0.022802
0.0239314
0.0224404
0.0236781
0.0240836
0.0226165
0.0228028
0.0225769
0.023876
0.0258668
0.0244934
0.0246504
0.0242354
0.0235666
0.0236273
0.0252875
0.0238501
0.0228827
0.0228516
0.0230886
0.0243837
0.0254876
0.0228291
0.023182
0.0228455
0.0238951
0.0234834
0.0245026
0.0248313
0.0247301
0.0235549
0.0240228
0.0232147
0.0229297
0.0233472
0.0239149
0.0251705
0.0220751
0.0337584
0.0224341
0.0243529
0.0241246
0.0260945
0.0237573
0.0244403
0.0260629
0.0262346
0.0274147
0.0280551
0.023902
0.0255341
0.0234406
0.0230718
0.0241104
0.0249552
0.0239927
0.0341935
0.0229942
0.03554
0.0245257
0.0246478
0.0244763
0.0249045
0.02663
0.0237485
0.0231293
0.023166
0.023918
0.0235683
0.0246778
0.0228361
0.0256767
0.0234172
0.0234834
0.0245603
0.0247612
0.0259226
0.0241865
0.0265092
0.0261969
0.0258772
0.0249547
0.0240064
0.0250251
0.0261709
0.024351
0.0247328
0.0246364
0.0250739
0.0247507
0.0263694
0.0250856
0.0245486
0.0257435
0.0242459
0.0248719
0.0249251
0.0254304
0.0255657
0.0242528
0.0238865
0.0252207
0.0278437
0.02524
0.0302357
0.0247911
0.027719
0.0275759
0.0265526
0.0284776
0.025443
0.0312977
0.0290977
0.0276727
0.0278641
0.0248623
0.0271716
0.0274962
0.0283938
0.0295778
0.027631
0.0270932
0.0280947
0.0273868
0.0267488
0.0281381
0.0273234
0.027163
0.0275993
0.0270252
0.0286523
0.02821
0.0280917
0.0304496
0.033203
0.0297462
0.0312209
0.0261307
0.0264744
0.0293289
0.0264131
0.0259384
0.0265634
0.0264877
0.0261725
0.0280352
0.0264156
0.0281815
0.0280608
0.0284749
0.027303
0.0270195
0.0274582
0.0252694
0.0271983
0.0248515
0.0271385
0.0258031
0.024016
0.0249833
0.0236249
0.0251126
0.0250201
0.0241504
0.024361
0.0240087
0.0246566
0.0250914
0.025084
0.0240387
0.0246397
0.0232513
0.0251838
0.0240143
0.0243985
0.0228952
0.024666
0.0226511
0.0229563
0.0227786
0.0233142
0.0232667
0.0240973
0.0234086
0.0237755
0.0226652
0.0288952
0.0265395
0.0228201
0.023338
0.0241106
0.0262443
0.0239315
0.0228576
0.0240175
0.023141
0.0234666
0.023092
0.0237298
0.0238624
0.0246188
0.0237617
0.0252234
0.0233902
0.0243742
0.0364593
0.0264327
0.0237391
0.0263919
0.0253992
0.0259628
0.0232944
0.0236585
0.0243025
0.023992
0.0226453
0.0233905
0.0238582
0.02673
0.0238838
0.0246934
0.0237275
0.0236992
0.0247185
0.0248293
0.0242207
0.0287949
0.0247868
0.0284433
0.0243056
0.0283987
0.0286016
0.0259098
0.0237731
0.0250687
0.0236508
0.0273204
0.0271722
0.0254143
0.0242705
0.0267273
0.0285643
0.0326644
0.0243467
0.0270166
0.0274892
0.0264148
0.0238056
0.0270023
0.0280015
0.0265202
0.0268824
0.0258325
0.0255655
0.0273778
0.0263229
0.0248911
0.0246296
0.0252629
0.0251233
0.0256825
0.0264419
0.0257319
0.0258766
0.0249307
0.0263812
0.0252158
0.0260119
0.0262748
0.0262402
0.0252727
0.025363
0.0243397
0.0265694
0.0277317
0.0264601
0.0255174
0.026448
0.0270966
0.0282929
0.0308418
0.0251983
0.0255887
0.0257707
0.0249752
0.0266091
0.0250048
0.0260966
0.025697
0.0265667
0.023961
0.0253335
0.0274297
0.0285894
0.0283878
0.0247078
0.0260843
0.0303223
0.0268407
0.0271378
0.0288249
0.0272496
0.0281173
0.0249292
0.0271514
0.0245382
0.0252496
0.0257436
0.0243002
0.0264683
0.0236488
0.0244868
0.0241045
0.0253068
0.0240293
0.0238301
0.0271532
0.0248265
0.0243242
0.0264928
0.0244762
0.023816
0.0236116
0.0264562
0.0251632
0.0251113
0.0241789
0.0241974
0.0236822
0.0232653
0.0249254
0.0237858
0.0240541
0.0238109
0.024097
0.0350027
0.0245892
0.0293875
0.0332453
0.0245165
0.0253489
0.0270388
0.0247873
0.0255811
0.0242139
0.0256208
0.026197
0.0270497
0.0277351
0.0256552
0.0285513
0.0272452
0.026376
0.0241079
0.0241902
0.0239633
0.0238955
0.0242051
0.0249395
0.0234653
0.0246697
0.0280877
0.0352311
0.0249048
0.0241223
0.0236441
0.0239184
0.0242241
0.0238394
0.0283707
0.023924
0.0233934
0.0302182
0.0256063
0.0234707
0.0260154
0.0241074
0.0243798
0.0234012
0.0253594
0.0247274
0.0247262
0.0234918
0.0272542
0.0234681
0.0280395
0.0262298
0.0242528
0.0274424
0.0233567
0.0235843
0.0252695
0.0256023
0.0246862
0.0234696
0.0236597
0.0243584
0.0228184
0.0225975
0.0248232
0.0253734
0.0251462
0.0252088
0.0234497
0.0230468
0.023327
0.0231044
0.0241807
0.0244577
0.0238312
0.023239
0.0240509
0.023532
0.0222853
0.0264856
0.0237533
0.0254031
0.0233464
0.0229211
0.0239128
0.0232128
0.023262
0.02521
0.0238021
0.0258087
0.0233364
0.0232645
0.023197
0.025218
0.02401
0.0240841
0.02426
0.0237817
0.0240284
0.0242919
0.0248029
0.0239946
0.024487
0.023303
0.0235336
0.0224057
0.0266651
0.0232331
0.0230328
0.0242307
0.0255392
0.0248462
0.0228734
0.024808
0.0247473
0.0285567
0.023526
0.0243401
0.0240473
0.0254719
0.0248982
0.0238498
0.0240265
0.0235886
0.0277016
0.0228312
0.0236191
0.0235342
0.0239192
0.0248956
0.0256424
0.0248335
0.0238267
0.0249813
0.0232552
0.0227912
0.0226035
0.0241033
0.0228317
0.0241445
0.0253915
0.0250636
0.0235451
0.0237937
0.0239455
0.0254386
0.0240678
0.0231766
0.0225249
0.0235751
0.021983
0.0233361
0.0241319
0.0249646
0.0235281
0.0268986
0.0239253
0.0229955
0.0223586
0.0230178
0.0219256
0.0224612
0.0219276
0.0223876
0.0233872
0.0246088
0.0229193
0.0217389
0.0227186
0.0224411
0.0235164
0.02305
0.0223906
0.0226885
0.0232355
0.021729
0.0226659
0.02139
0.0242118
0.0215054
0.0221468
0.0222885
0.0217225
0.0212836
0.0213083
0.0214909
0.0238647
0.0231316
0.0217432
0.0226825
0.0218617
0.0215748
0.023176
0.0225321
0.0211083
0.0205269
0.0211026
0.0215213
0.0209329
0.0238337
0.0221622
0.0211258
0.0218526
0.0203695
0.020353
0.0244665
0.020184
0.0209376
0.022098
0.021506
0.0209909
0.0210343
0.0208596
0.0203224
0.0215703
0.0210198
0.0199299
0.0219742
0.021109
0.0216081
0.0220298
0.0223919
0.0222502
0.0218636
0.0227668
0.0222031
0.0254083
0.0223903
0.0213898
0.0238711
0.0232584
0.0218143
0.0212364
0.0223243
0.0258397
0.0222275
0.0240208
0.0213781
0.0224333
0.0212172
0.021192
0.0225693
0.0229963
0.0230713
0.0246634
0.0216983
0.0222391
0.0221699
0.0224169
0.0230417
0.0214291
0.0227982
0.022588
0.0236195
0.0224581
0.0257577
0.0239341
0.0220467
0.0265526
0.0219269
0.0236027
0.023531
0.0240131
0.022829
0.0222622
0.0219558
0.0246813
0.0227375
0.0224252
0.0221072
0.0237037
0.022643
0.023285
0.0238637
0.0259726
0.0234907
0.0217406
0.0226261
0.0243293
0.0257658
0.0231395
0.0231367
0.0236675
0.0264013
0.0259967
0.0242267
0.0244731
0.0243946
0.0227032
0.0223872
0.0253739
0.0289444
0.0217216
0.0245374
0.0234958
0.0262652
0.0241398
0.0228298
0.0229023
0.0234438
0.0233289
0.0246129
0.0235855
0.0237933
0.0229856
0.0245719
0.0221598
0.0234258
0.0266695
0.0235493
0.0224914
0.0230285
0.0219703
0.0253602
0.0226055
0.0235233
0.0223492
0.0233844
0.0254841
0.0230531
0.0226636
0.0228161
0.022741
0.0251197
0.0228016
0.0259881
0.0232275
0.0220923
0.0223762
0.0244876
0.0242644
0.023568
0.02605
0.0247
0.0225892
0.0239713
0.0230388
0.0264631
0.0232312
0.0238892
0.0243581
0.0238526
0.021002
0.0233601
0.0202985
0.0227999
0.0217222
0.0240349
0.0218106
0.0220322
0.0257061
0.0236753
0.0221599
0.0230031
0.0246666
0.022926
0.0247727
0.0250935
0.0225928
0.022398
0.0232908
0.0223374
0.0226524
0.0212247
0.0226786
0.0217871
0.0240408
0.0220268
0.0246746
0.0225808
0.0228455
0.0238416
0.0261717
0.0245167
0.0232637
0.0239957
0.0232141
0.0246406
0.0254374
0.0237959
0.0242703
0.0236174
0.0226795
0.0246482
0.0266101
0.0235812
0.0240359
0.0248144
0.0247586
0.0245706
0.0253161
0.0267717
0.0244417
0.0250294
0.0240021
0.0246071
0.0224669
0.0265836
0.0234619
0.0248991
0.0279565
0.0244115
0.0256303
0.0237626
0.0251855
0.0235425
0.0249491
0.025306
0.0247384
0.0236589
0.024671
0.0235278
0.0232687
0.0256328
0.0253873
0.0249189
0.0246483
0.0237171
0.0243665
0.0265213
0.0238995
0.0236851
0.0271476
0.0260135
0.0265226
0.0231166
0.0230815
0.0233839
0.024948
0.0234286
0.022329
0.0233077
0.0231804
0.0248984
0.0251451
0.0245565
0.0241519
0.0249471
0.0249445
0.0237762
0.0256575
0.024566
0.0278928
0.0239305
0.0245407
0.0252555
0.0239573
0.0260645
0.0233026
0.0240451
0.0241801
0.0244866
0.0251248
0.0247698
0.024634
0.0247096
0.0275571
0.024131
0.0257911
0.0279009
0.0248386
0.0237265
0.0281773
0.0298774
0.0249219
0.0246375
0.0264532
0.02548
0.0253548
0.0245891
0.0255278
0.0245725
0.0243961
0.0249532
0.0257352
0.0252171
0.0277732
0.0257807
0.0267042
0.0239694
0.0265286
0.0236955
0.0242932
0.0239954
0.0226813
0.0249705
0.0235039
0.022933
0.0276888
0.0244156
0.0240343
0.0260304
0.0250357
0.0250282
0.0250134
0.0238104
0.0245887
0.0251238
0.0260171
0.0248363
0.0260297
0.0246984
0.0255951
0.0249629
0.0260951
0.0251732
0.0251004
0.0249351
0.0235116
0.0265005
0.0242509
0.0242663
0.023935
0.02432
0.0256412
0.0230181
0.0262606
0.0244652
0.0263101
0.0239938
0.0227239
0.0235819
0.0226319
0.0247678
0.0231296
0.0240763
0.0254248
0.0259758
0.0239261
0.0255326
0.021885
0.0217131
0.0213007
0.0210868
0.021332
0.0213588
0.0218456
0.0212808
0.0226002
0.0229982
0.0236593
0.0224464
0.0221736
0.0241116
0.0224818
0.0215796
0.0215669
0.0244934
0.028127
0.021907
0.0243559
0.0205553
0.0225716
0.0210587
0.0223102
0.0227511
0.0239744
0.022047
0.022729
0.0232232
0.0234089
0.0235135
0.0232017
0.0235688
0.0277925
0.0239647
0.0283519
0.0245147
0.0243424
0.0246869
0.0229558
0.0228948
0.0236442
0.0247544
0.0254985
0.0257423
0.023357
0.0263207
0.0234422
0.0236453
0.0243185
0.0261252
0.0233637
0.0226992
0.0226711
0.0255111
0.0243486
0.0228295
0.0246581
0.0229476
0.0239294
0.0226956
0.0225647
0.0241875
0.0233398
0.0256163
0.0245667
0.0225856
0.023982
0.0253383
0.0239665
0.0234901
0.0234222
0.0236911
0.0240925
0.0246222
0.0223487
0.028584
0.023926
0.024367
0.0250163
0.0241938
0.0254793
0.024501
0.0245869
0.0247753
0.0251161
0.0239607
0.0258398
0.0240567
0.0246128
0.0265326
0.0249351
0.0251244
0.0252432
0.0241097
0.0257007
0.0234305
0.0230978
0.0246563
0.0244243
0.0244791
0.0247353
0.0250734
0.0234583
0.0246253
0.0232474
0.0300717
0.0252887
0.0252006
0.0232939
0.0244458
0.0234906
0.0238004
0.0229843
0.0246882
0.0242289
0.0237873
0.0221046
0.0237871
0.0227547
0.0233755
0.0262691
0.0232493
0.0244023
0.0225245
0.0271905
0.0240434
0.0243152
0.0247887
0.0283905
0.0263458
0.0252769
0.0236749
0.0255632
0.0225441
0.0229616
0.0237762
0.0223648
0.0223609
0.0212078
0.0207113
0.0214185
0.0196774
0.0208934
0.0226311
0.0199714
0.0220911
0.0181797
0.0225245
0.0181817
0.0198148
0.0209867
0.0182116
0.0204086
0.021883
0.0193836
0.0187572
0.0234456
0.0186234
0.0215194
0.0185479
0.0190135
0.018221
0.0199981
0.0221985
0.0204697
0.0192183
0.0219424
0.0201053
0.0197081
0.0228752
0.0214223
0.023155
0.0195217
0.0223493
0.0214159
0.022007
0.0233095
0.0222412
0.0240819
0.0226148
0.0231154
0.026307
0.0225967
0.0232881
0.0267387
0.0231245
0.0257825
0.0252791
0.0245248
0.0252256
0.0274664
0.0274803
0.0263226
0.023416
0.0240793
0.0267434
0.0258265
0.0255837
0.0250913
0.0258631
0.0241898
0.026993
0.0244113
0.0269586
0.0258007
0.024983
0.0362964
0.0264501
0.0250721
0.0267814
0.024647
0.0253708
0.0236852
0.0229705
0.0254765
0.0231829
0.0254711
0.0252144
0.0218374
0.0225491
0.0226075
0.0231961
0.0231006
0.0227112
0.021609
0.0236157
0.0221771
0.0221375
0.0219962
0.022264
0.0244672
0.0227065
0.0231562
0.0240303
0.0225703
0.0228256
0.0207175
0.0207029
0.0213988
0.0215215
0.0224413
0.0219065
0.0227093
0.0219939
0.0212931
0.0221056
0.0207744
0.0239412
0.0223871
0.0203141
0.0232176
0.0224356
0.025071
0.0214781
0.0208411
0.0249601
0.0218293
0.0234947
0.0220512
0.0256386
0.0221044
0.0218953
0.0293542
0.0225143
0.0236197
0.0219707
0.0215642
0.0217799
0.0226573
0.0219227
0.0238975
0.0226184
0.0220721
0.0224279
0.0248153
0.0214355
0.0207116
0.0206379
0.0220061
0.021783
0.0224949
0.0219056
0.0210128
0.0205399
0.0216636
0.0211256
0.0196867
0.0207592
0.0205665
0.0210956
0.0206621
0.0201538
0.0209243
0.0231596
0.0200957
0.0193468
0.0193965
0.0217119
0.0213477
0.0224367
0.0203626
0.0201184
0.0227218
0.021984
0.0209116
0.0204838
0.0207036
0.0210782
0.0209728
0.0213918
0.0204605
0.0198903
0.0201774
0.0220096
0.0203765
0.0215887
0.0208677
0.0216152
0.0230461
0.0200388
0.0206182
0.0197769
0.0201571
0.0221616
0.0211011
0.0198312
0.0209384
0.0191295
0.0202632
0.0205417
0.0213023
0.0195913
0.0193539
0.0190618
0.0214501
0.0200348
0.0196994
0.0225268
0.0182069
0.0208985
0.0193938
0.0196911
0.0193912
0.0193704
0.0208293
0.0216819
0.0191124
0.0197403
0.024468
0.021102
0.0202659
0.0206775
0.0219249
0.0203875
0.0198105
0.0198246
0.0196335
0.0205319
0.0183493
0.0199529
0.0208353
0.0221043
0.0219578
0.018677
0.0204311
0.0216815
0.020653
0.02013
0.0200968
0.0228111
0.0198608
0.0202559
0.0212773
0.0185926
0.0205121
0.0194246
0.0266025
0.0231088
0.0211337
0.0216021
0.0315697
0.0189967
0.0198766
0.0197894
0.0193832
0.0198507
0.0202644
0.0202346
0.0213161
0.0209759
0.0209903
0.0206762
0.0213583
0.0207526
0.0214354
0.0229703
0.0231557
0.0211782
0.0196023
0.0201839
0.0203848
0.0197072
0.0532182
0.0487858
0.0396841
0.0391735
0.0385639
0.0350949
0.0340566
0.0367178
0.0329914
0.0333698
0.0348909
0.0349531
0.0341783
0.035126
0.0353455
0.0337885
0.0379874
0.0332033
0.0348426
0.0330887
0.0353744
0.0350277
0.0352329
0.0359556
0.0343435
0.033715
0.0348952
0.0327624
0.0332413
0.0367227
0.0356167
0.0343395
0.0309864
0.0328863
0.0304843
0.0309231
0.0335888
0.0300187
0.0303131
0.0313288
0.0297941
0.0299953
0.0339646
0.0297455
0.0292048
0.0324835
0.0308714
0.0329507
0.0347277
0.0315997
0.0320846
0.033846
0.035238
0.0348205
0.0339219
0.0338998
0.0340218
0.0349122
0.0376206
0.0368938
0.0342241
0.0348687
0.0350174
0.0351585
0.0332725
0.0350434
0.0331404
0.0355045
0.0355719
0.0336023
0.0358306
0.0374677
0.036101
0.0377147
0.034056
0.0362543
0.0359046
0.0385725
0.0351242
0.0349441
0.0348386
0.0358354
0.036807
0.0361353
0.0362821
0.035085
0.0350819
0.0390307
0.0347813
0.0362525
0.0327107
0.0353146
0.0343133
0.0352911
0.0332854
0.0358407
0.0376191
0.0336891
0.034628
0.0356924
0.0333949
0.0346859
0.0356103
0.0343965
0.0360218
0.030899
0.0346075
0.0376008
0.0372405
0.033333
0.0397386
0.0321311
0.0346926
0.028993
0.0324606
0.0335414
0.0357341
0.0330279
0.0447828
0.0373707
0.0354353
0.034552
0.0355048
0.0365475
0.0372338
0.035479
0.0359145
0.0343998
0.0360286
0.0368284
0.0356684
0.0368715
0.0359413
0.0358407
0.0353973
0.0372421
0.0380302
0.0374326
0.0371476
0.0368239
0.0364603
0.0353649
0.0355209
0.0378065
0.0367534
0.0381416
0.035299
0.0356605
0.0350414
0.0391622
0.0315375
0.0320453
0.036748
0.0346606
0.0362718
0.0355791
0.0418462
0.0346159
0.0337394
0.0352609
0.0348296
0.0364794
0.0358048
0.0360948
0.0372213
0.0358124
0.035217
0.0384017
0.0372218
0.0348856
0.0357265
0.0345873
0.0341206
0.0372099
0.0353547
0.0325548
0.0364278
0.0340892
0.0369653
0.0357598
0.0346119
0.0346602
0.0316164
0.036621
0.0350437
0.0329549
0.0353645
0.0325614
0.0342278
0.0337466
0.034375
0.0318025
0.0342593
0.0345032
0.0335387
0.0334992
0.0349068
0.034605
0.0324652
0.0343124
0.0329464
0.034706
0.0354828
0.0334137
0.0343654
0.0317706
0.0345066
0.0340332
0.0327692
0.0311924
0.0315657
0.0326805
0.029662
0.0288504
0.0293192
0.0302146
0.0304969
0.0262439
0.0254291
0.0313653
0.0314771
0.0297841
0.0285411
0.0306355
0.0276546
0.0311856
0.0285541
0.0302693
0.0282945
0.0309097
0.0266459
0.0254368
0.0270585
0.0270639
0.0276988
0.0335254
0.0276612
0.0257097
0.0240706
0.0313509
0.0311181
0.0266982
0.0269358
0.0337489
0.0269575
0.029168
0.0294835
0.0276629
0.0297658
0.027596
0.030436
0.0310179
0.0278859
0.0314435
0.0279436
0.0293796
0.0282349
0.027834
0.028448
0.0294638
0.0305551
0.029272
0.0286593
0.0315868
0.0280038
0.0281565
0.0297668
0.0298122
0.0304724
0.0290207
0.028502
0.0314308
0.030627
0.0286119
0.0284149
0.0307549
0.0294981
0.0300721
0.0346413
0.0298445
0.0297999
0.0282966
0.0298698
0.0305795
0.0297105
0.0319973
0.0280642
0.0326605
0.0297324
0.0309342
0.0296829
0.0326241
0.0319645
0.0323332
0.0327742
0.0318723
0.033778
0.0332242
0.0347295
0.0328345
0.0324418
0.0356659
0.0340865
0.0358335
0.0341904
0.0351198
0.0359191
0.0334751
0.034
0.0355888
0.0335603
0.0335163
0.0363994
0.0321366
0.0342778
0.0318948
0.0329403
0.0308327
0.0340989
0.0309127
0.0333291
0.0318898
0.0323279
0.0336786
0.0314998
0.0330863
0.0320064
0.0324779
0.0329582
0.0309747
0.0315258
0.0313128
0.0338569
0.0323032
0.0318645
0.0322763
0.0337685
0.0319328
0.0319693
0.0320494
0.0337996
0.0301205
0.0333038
0.0322807
0.0324372
0.0331684
0.0334701
0.0348165
0.0338127
0.0339586
0.0344563
0.035863
0.0327608
0.0306368
0.0314034
0.0291995
0.0304797
0.0292985
0.0326777
0.0301729
0.0290368
0.0297231
0.0290664
0.0296929
0.0310028
0.0280924
0.0281519
0.0278696
0.0272284
0.0295105
0.0302891
0.0311022
0.029628
0.0278781
0.0278426
0.0256556
0.0271991
0.0289819
0.0272995
0.0277145
0.0263472
0.0260071
0.0268748
0.0252197
0.0248274
0.0273529
0.0261402
0.0255365
0.0249216
0.0253515
0.0243104
0.0252139
0.0242295
0.027477
0.0243888
0.0249317
0.0240642
0.0245912
0.0227474
0.0236587
0.0259906
0.0237285
0.0229281
0.023213
0.023083
0.0229596
0.0229121
0.0218493
0.021902
0.0218628
0.0227877
0.0225506
0.0213801
0.0236222
0.0233453
0.0242611
0.0215996
0.023387
0.0240196
0.0223753
0.0228985
0.023407
0.0227171
0.0237764
0.0245523
0.0236692
0.026707
0.0266708
0.0267858
0.0242741
0.0246826
0.0244771
0.0241649
0.0250156
0.0248278
0.0249838
0.0251408
0.0253149
0.0245793
0.0256021
0.0245483
0.0260433
0.0259116
0.0256847
0.0255922
0.0242805
0.0252356
0.0242867
0.0247059
0.0255117
0.024801
0.0243336
0.0257119
0.0269502
0.0235657
0.0239381
0.0251669
0.0251015
0.0249889
0.0240227
0.0244996
0.0249642
0.0254052
0.0232065
0.0226402
0.0236469
0.0242127
0.0241392
0.0236856
0.0210862
0.0239463
0.024967
0.0241181
0.0239131
0.0233543
0.0235026
0.0259995
0.0234912
0.0210931
0.0239151
0.0227872
0.0242625
0.0217569
0.0221032
0.0230689
0.0220701
0.022393
0.022992
0.0217629
0.0223216
0.0217677
0.0222836
0.021806
0.0224183
0.0221191
0.0220059
0.0218248
0.0232271
0.0234887
0.0230577
0.0248282
0.0264269
0.0223328
0.0235671
0.0237884
0.025563
0.0234479
0.0252535
0.0241147
0.0251807
0.0227539
0.0235065
0.0225067
0.0260138
0.0248814
0.0252178
0.0248095
0.0242782
0.0258419
0.0242465
0.0227788
0.0269767
0.0240976
0.0264025
0.0244309
0.0237806
0.0268353
0.024547
0.0271894
0.024745
0.0245372
0.0233623
0.026974
0.0251933
0.0263243
0.0259893
0.0251168
0.025241
0.0264031
0.0249284
0.0254405
0.0240782
0.0281361
0.0259318
0.024274
0.0250976
0.0255427
0.0245517
0.024282
0.0252756
0.0250027
0.0251104
0.0240648
0.0237938
0.0252923
0.0242987
0.0248954
0.0242323
0.0247164
0.0248564
0.0252569
0.0264927
0.0255902
0.0241722
0.0256604
0.0247302
0.0252438
0.0252286
0.0255224
0.0254519
0.0250948
0.0250472
0.0265582
0.0246493
0.0250884
0.0268422
0.0238527
0.0248336
0.0247706
0.0241191
0.0261829
0.0234492
0.0240156
0.0243034
0.0256179
