0.0429834
0.0624648
0.054152
0.0430827
0.0367605
0.0479512
0.0453125
0.0500299
0.0442456
0.037941
0.0400011
0.0370471
0.038761
0.0362059
0.0357218
0.036499
0.0354518
0.0324278
0.0337071
0.0359397
0.0392531
0.0364725
0.0350109
0.0350147
0.0370803
0.0366426
0.035606
0.034319
0.0354155
0.0351981
0.0385631
0.0497175
0.0395319
0.0358793
0.0355152
0.0353722
0.0345629
0.0341455
0.0352321
0.0341032
0.0334483
0.0349671
0.0342939
0.0332948
0.036483
0.034678
0.0339865
0.0335661
0.0338046
0.0347115
0.0340921
0.0330406
0.0346227
0.0341461
0.0345174
0.0344148
0.035196
0.0345288
0.0349142
0.035083
0.0366468
0.0362799
0.0348104
0.0353319
0.0354999
0.0400977
0.0366928
0.0363048
0.0367035
0.0350191
0.0373139
0.0358405
0.0374682
0.0364642
0.0394658
0.0480066
0.0393787
0.0457354
0.0344269
0.0379796
0.0345001
0.0342351
0.0370821
0.0368433
0.0360977
0.036176
0.0361032
0.037937
0.0386167
0.0374686
0.0364536
0.037826
0.0363018
0.0378722
0.0367259
0.0382043
0.0405521
0.038522
0.037142
0.0421409
0.0386304
0.0420256
0.0372959
0.0464497
0.0815965
0.035946
0.0383418
0.0375378
0.0369201
0.0352522
0.0369943
0.0364421
0.0385728
0.0376478
0.0377275
0.0386869
0.0369413
0.0358126
0.0367853
0.037103
0.103743
0.0564231
0.0987742
0.0384607
0.089036
0.0368156
0.10903
0.037322
0.0379528
0.138723
0.0406933
0.0746896
0.0409649
0.0407537
0.125506
0.0775887
0.113806
0.0574732
0.0400048
0.0520306
0.0481596
0.0460635
0.0502352
0.0583413
0.0600284
0.0557448
0.0532998
0.0538417
0.0642318
0.0548315
0.0936354
0.100019
0.0414192
0.0395783
0.0406774
0.0387694
0.0401541
0.0408584
0.0402941
0.0447139
0.0406131
0.0415129
0.041603
0.0415
0.0404997
0.0423199
0.0432229
0.0405481
0.0415025
0.0414598
0.0407341
0.041654
0.0390899
0.0454334
0.0419889
0.0397632
0.0421735
0.0430588
0.0428674
0.0427153
0.0410757
0.0503682
0.0416813
0.0416453
0.038962
0.0407973
0.0417821
0.038466
0.0420459
0.0390798
0.0421458
0.039141
0.0416305
0.0426116
0.0408213
0.0405747
0.0415399
0.0422937
0.0395185
0.0418582
0.0409699
0.0417243
0.0434961
0.0399392
0.0425525
0.0403105
0.0422681
0.0379871
0.0439529
0.0404609
0.0404144
0.040796
0.0404017
0.040994
0.043088
0.0415011
0.0414839
0.041595
0.0410112
0.0410507
0.0421428
0.0415837
0.04176
0.0438231
0.0413502
0.0417907
0.0413824
0.0429802
0.0417012
0.0418885
0.039331
0.0422404
0.0424354
0.0404528
0.0435077
0.0426155
0.04191
0.042955
0.0414147
0.0425787
0.0412242
0.0405756
0.0414941
0.0419489
0.0420901
0.0435084
0.0427664
0.0415238
0.0418642
0.0410023
0.0422547
0.0408015
0.0436567
0.0492419
0.0426614
0.0417653
0.0429544
0.0413662
0.0404821
0.0770717
0.0701219
0.113634
0.044568
0.0805996
0.0404838
0.0663689
0.0508382
0.0338053
0.0335071
0.0338414
0.0335883
0.0320996
0.0317498
0.0307212
0.0326084
0.0351656
0.0317298
0.0363556
0.0316198
0.0320245
0.0337709
0.0305544
0.0318428
0.0305629
0.0318566
0.0316949
0.0327458
0.0331953
0.033265
0.0336752
0.0332312
0.0341557
0.033972
0.0342063
0.0334762
0.0351303
0.0360023
0.0359769
0.0362887
0.0358122
0.03242
0.0362894
0.0350888
0.034827
0.0345395
0.0323403
0.0337885
0.0358759
0.0355737
0.0343586
0.0368284
0.0355963
0.0368111
0.0368046
0.0336659
0.033682
0.0343923
0.0343014
0.0337533
0.0331809
0.0322027
0.0328917
0.0329678
0.0338823
0.0327801
0.0336891
0.0348678
0.034942
0.034533
0.0337171
0.0336535
0.033377
0.0358839
0.0352306
0.0342696
0.0331685
0.0321295
0.0316358
0.0327241
0.0326923
0.0358763
0.0337506
0.0328499
0.0343847
0.0332268
0.0331302
0.0368087
0.0330916
0.0334735
0.0345241
0.0347559
0.040665
0.0346913
0.0323445
0.0354089
0.0345328
0.0355181
0.0351052
0.0339165
0.0331895
0.0342867
0.0328637
0.0338996
0.034824
0.0353516
0.0332848
0.0345374
0.0341863
0.0369748
0.0354655
0.0415481
0.0331288
0.0336397
0.0348151
0.0326905
0.033076
0.0350572
0.0350191
0.0333432
0.0346855
0.0306746
0.0370443
0.0340881
0.03508
0.0349
0.0340568
0.0354298
0.0366233
0.0363512
0.0352344
0.035055
0.0362257
0.0355163
0.034775
0.0332488
0.0349315
0.0354555
0.0370212
0.0361715
0.0371853
0.0362022
0.0370595
0.0388938
0.0368832
0.0364055
0.0402335
0.0404933
0.0374647
0.0372564
0.0371402
0.0354364
0.037932
0.0364941
0.0369391
0.0357076
0.0408443
0.0371866
0.0365072
0.0380758
0.039607
0.0413521
0.0392476
0.0374661
0.0405831
0.039429
0.0407369
0.038817
0.0391523
0.0403055
0.040505
0.040123
0.0386953
0.0384655
0.042133
0.0389247
0.0398221
0.0398686
0.0425997
0.0394899
0.0418506
0.0391179
0.0389456
0.0383349
0.0404991
0.0394622
0.042095
0.0403362
0.0406048
0.0416686
0.0406672
0.0427348
0.0425814
0.0434789
0.0548234
0.0394722
0.0392401
0.0422172
0.0390608
0.0390716
0.0386647
0.0403128
0.0399028
0.0416433
0.0396603
0.0394575
0.0407695
0.0405229
0.0416321
0.0438874
0.0422936
0.0428552
0.0403123
0.0393367
0.0405168
0.042777
0.0426289
0.0468722
0.0478612
0.0466797
0.0500288
0.048363
0.0494319
0.047768
0.0488818
0.0479853
0.0500692
0.0516137
0.0516589
0.047056
0.0516093
0.0394285
0.043791
0.0414773
0.0297642
0.0298848
0.0256171
0.0268651
0.0245081
0.0258395
0.0272587
0.0299893
0.0252625
0.0265494
0.0265742
0.0274111
0.0263584
0.0256456
0.029006
0.0250113
0.0255455
0.0268396
0.0258459
0.0285099
0.0276183
0.0283329
0.0285619
0.0283152
0.0262699
0.0288465
0.0278326
0.0286424
0.0264989
0.0279561
0.0285431
0.0298792
0.0281505
0.0297822
0.0294059
0.0293487
0.0293445
0.0300474
0.0292667
0.0294103
0.0305687
0.029001
0.0287996
0.0293971
0.029619
0.0312574
0.0309305
0.0302626
0.0314874
0.0336173
0.0309639
0.0304261
0.0320483
0.0312839
0.0315861
0.0306896
0.0303574
0.0341201
0.0331107
0.0333431
0.031135
0.0309475
0.0318702
0.0319069
0.0313616
0.0340885
0.0329199
0.0327259
0.0323853
0.032623
0.0334906
0.0325331
0.0331932
0.0324917
0.0337675
0.0325211
0.0317563
0.0328461
0.0316112
0.0370808
0.0327441
0.0336239
0.0343839
0.0338927
0.033582
0.0329759
0.0345685
0.033395
0.0335917
0.033258
0.0328528
0.0330128
0.0356866
0.0355897
0.034796
0.0356492
0.0358165
0.0348287
0.0379571
0.0377526
0.0365987
0.0355071
0.0355838
0.0353589
0.0350488
0.0360117
0.0346817
0.0356522
0.0365556
0.0345894
0.0340628
0.0358861
0.0350586
0.0348166
0.0369696
0.0352471
0.0353823
0.0352602
0.0356943
0.0352757
0.0347617
0.0347187
0.0356233
0.0356186
0.036865
0.0364487
0.0368478
0.0382849
0.0361322
0.0359339
0.03331
0.0342387
0.0364297
0.035737
0.0351336
0.0365117
0.036775
0.0379337
0.041157
0.0374965
0.038162
0.0367758
0.0369198
0.039231
0.0363374
0.0373481
0.0376415
0.0385719
0.0387013
0.0387283
0.0370074
0.038794
0.0359363
0.0359599
0.0367322
0.0356587
0.0371513
0.0368419
0.0385075
0.0360198
0.03876
0.0337703
0.0339869
0.0361741
0.0356477
0.0336425
0.0399476
0.0348753
0.0351035
0.0350886
0.0384848
0.0349174
0.0375252
0.0377762
0.0336958
0.036983
0.0341081
0.0353342
0.035291
0.0350076
0.035976
0.035159
0.0350991
0.0347958
0.0334358
0.0347851
0.0343421
0.0359173
0.033346
0.0343415
0.0364219
0.0334149
0.0346772
0.0328983
0.0331411
0.0344808
0.0335408
0.0352982
0.0374893
0.0366726
0.0340542
0.0356376
0.0337521
0.0341202
0.0348243
0.0358011
0.0370227
0.0352775
0.0362441
0.0391226
0.0361396
0.0367822
0.0309259
0.0351659
0.0348356
0.0349278
0.0344981
0.0366285
0.0362951
0.0335447
0.0319566
0.0375387
0.0337721
0.0255464
0.0343596
0.036001
0.0359206
0.0369609
0.0357295
0.0368746
0.034481
0.03603
0.0365906
0.0350137
0.036684
0.035329
0.0374609
0.0361067
0.0382683
0.0381133
0.0377686
0.0355213
0.0376755
0.0351585
0.0372246
0.0389906
0.0388276
0.0377468
0.0377097
0.0403554
0.0388263
0.0386736
0.0386009
0.0380774
0.0396047
0.042983
0.0383505
0.0389263
0.0386255
0.039287
0.0360685
0.0389975
0.0376943
0.0349956
0.034768
0.0320793
0.0354324
0.037184
0.0381608
0.0392194
0.0392903
0.0405027
0.0380133
0.040987
0.0381627
0.039375
0.0391796
0.0383556
0.0395406
0.0384412
0.0399038
0.0382281
0.0405248
0.0383356
0.0407072
0.0388581
0.0420884
0.0389023
0.0399948
0.0374636
0.0419959
0.038464
0.0389564
0.0373707
0.038814
0.0382842
0.0381739
0.0407828
0.0380879
0.0401692
0.039769
0.0392062
0.042346
0.0376615
0.0391279
0.0406147
0.039977
0.0427069
0.0387777
0.039819
0.0417427
0.0416874
0.041215
0.0440806
0.0424398
0.0391416
0.0400645
0.0384493
0.0349191
0.0351991
0.0439546
0.0383206
0.0379951
0.0412353
0.0398588
0.037786
0.0402498
0.0394586
0.0418844
0.0382746
0.0442271
0.042793
0.0422202
0.0456705
0.043185
0.04143
0.0440516
0.0416879
0.0415935
0.0405252
0.0354521
0.0386809
0.0382654
0.0393467
0.0360903
0.0433714
0.0457601
0.0412822
0.0421146
0.0402953
0.0390606
0.0399276
0.0398738
0.0417778
0.0442299
0.0404078
0.0414933
0.0410457
0.0375565
0.0356159
0.0405887
0.0396962
0.0402975
0.0384766
0.0368607
0.0361221
0.0384496
0.0388107
0.0449954
0.0421015
0.0413034
0.037792
0.040644
0.0415511
0.0385261
0.0423784
0.0373391
0.0392139
0.0411782
0.0370361
0.0386587
0.0364522
0.0375563
0.0441652
0.0419152
0.0372816
0.0396979
0.0379598
0.0374621
0.0391479
0.0356001
0.0382493
0.0404495
0.0369462
0.0400072
0.0381899
0.0366247
0.0369765
0.0434052
0.0428884
0.04477
0.0414349
0.0398078
0.0375845
0.0432026
0.0415174
0.0397756
0.0444002
0.0403504
0.0430108
0.0401263
0.041466
0.0394101
0.0387044
0.0390061
0.0382375
0.0454642
0.0380708
0.0415457
0.0411118
0.0391695
0.0431101
0.0398954
0.0435748
0.0401392
0.0414175
0.0466883
0.0402596
0.0387599
0.0375224
0.038987
0.040422
0.0403576
0.0427662
0.0439139
0.0418734
0.0437294
0.054052
0.0481197
0.0461755
0.0465034
0.0450282
0.0417645
0.0441513
0.0429584
0.0486373
0.0442502
0.0447037
0.0464472
0.0457021
0.0456387
0.0448143
0.0460636
0.0417589
0.0456851
0.0433986
0.0438192
0.0440739
0.0439997
0.0434349
0.0457119
0.0436531
0.0436678
0.0449475
0.0430635
0.042706
0.0449048
0.0443023
0.0502106
0.0438493
0.0445932
0.0441785
0.0438475
0.0471417
0.041276
0.042872
0.047679
0.0464584
0.0465507
0.0464966
0.046479
0.0483132
0.0439444
0.0460574
0.0463542
0.0439649
0.0443609
0.042771
0.0441803
0.0465456
0.0480088
0.0505548
0.0434643
0.0470465
0.042878
0.0429725
0.0433598
0.0434788
0.0441222
0.0472486
0.0451004
0.0455323
0.0427125
0.0406149
0.0443757
0.0436954
0.0444822
0.0440949
0.0454195
0.046433
0.0568431
0.0471644
0.041266
0.0447135
0.0456537
0.0455115
0.0472056
0.0514645
0.0474742
0.0456802
0.055791
0.0456456
0.0472044
0.0470878
0.0473951
0.0467817
0.045821
0.0464818
0.0466178
0.0472221
0.0445106
0.0461534
0.0455576
0.0473278
0.0457427
0.0482956
0.0475744
0.0469863
0.0458707
0.0480548
0.0462952
0.0486325
0.0476907
0.0472982
0.0457805
0.0472191
0.044593
0.0474358
0.0419754
0.0426317
0.0437684
0.041182
0.0486823
0.0427731
0.0440552
0.0342765
0.0405014
0.043724
0.0503359
0.0345919
0.0327683
0.0443618
0.0450078
0.040754
0.0416125
0.0440821
0.0409371
0.0397152
0.039752
0.0434575
0.0428584
0.0418518
0.0425539
0.044583
0.0434682
0.0464311
0.0420315
0.0460009
0.0428801
0.0435533
0.0421889
0.0436735
0.0434549
0.0420702
0.0423845
0.0435315
0.0442381
0.0436777
0.0430478
0.0457304
0.0395445
0.0409387
0.0425278
0.0436027
0.0444591
0.0409927
0.0399921
0.0434282
0.0447403
0.0423811
0.042367
0.0423221
0.0425434
0.0415497
0.0458315
0.045092
0.0427276
0.043719
0.0427957
0.0444103
0.0425034
0.0433147
0.0444064
0.0440921
0.0419519
0.0430295
0.0442059
0.0436371
0.0513188
0.0483302
0.0458363
0.0437351
0.0425165
0.0465995
0.0426396
0.0424443
0.0444371
0.0440258
0.0434174
0.0443064
0.049026
0.0431079
0.0433589
0.0462408
0.0435799
0.0483756
0.0468163
0.0473721
0.0405211
0.0436257
0.0444752
0.0461399
0.0476798
0.0458193
0.0397262
0.0454785
0.0442566
0.0458559
0.0468186
0.0483239
0.0465751
0.0449429
0.0440524
0.0443591
0.0453138
0.0428105
0.0468995
0.042087
0.042382
0.0494542
0.0370584
0.0429931
0.0461232
0.0423619
0.0458625
0.0418025
0.0450024
0.039838
0.0357674
0.0467654
0.0396289
0.046927
0.0426421
0.0417047
0.0384623
0.0474819
0.0409505
0.0440161
0.0463072
0.0525282
0.0439523
0.0442151
0.0443776
0.0396734
0.0448185
0.0402442
0.0406206
0.0418832
0.0416591
0.0471223
0.0405643
0.0455177
0.0451981
0.0423728
0.0411426
0.0418306
0.0457797
0.0471481
0.0479084
0.0473025
0.0400892
0.0404437
0.0406439
0.0429845
0.0426715
0.0426491
0.0429021
0.042974
0.0403199
0.042965
0.0419766
0.0453691
0.0419537
0.0482703
0.0464943
0.0482674
0.0402877
0.0466152
0.0461793
0.0469599
0.0465093
0.047579
0.045084
0.0459087
0.0447943
0.0411915
0.0393847
0.0421531
0.0419186
0.0488055
0.0467887
0.0401764
0.0404136
0.0518941
0.0419819
0.0436563
0.0453235
0.0458035
0.0411561
0.0407359
0.0511975
0.0438987
0.0465626
0.0467764
0.0457059
0.0442914
0.0423628
0.0429762
0.0475394
0.0410058
0.0472426
0.0482285
0.0465996
0.0452362
0.0438451
0.0435749
0.0458463
0.0476105
0.0493929
0.0469862
0.0455675
0.0467783
0.0476709
0.0447795
0.0449327
0.0460662
0.0432171
0.0441927
0.0472042
0.0459943
0.0418219
0.0424101
0.0485365
0.0452629
0.0455675
0.0445392
0.0427602
0.0419896
0.0434651
0.0440322
0.0440067
0.0437111
0.0465452
0.0417945
0.0437688
0.0406068
0.0421371
0.0449251
0.0468989
0.0427527
0.0441876
0.0463791
0.0418947
0.0415512
0.0438523
0.0418026
0.0407595
0.0424252
0.0424474
0.0428019
0.0428639
0.0433173
0.0462033
0.0423447
0.0429562
0.041671
0.0425815
0.0404443
0.0422397
0.0418345
0.0433783
0.0423028
0.0420874
0.0419716
0.0430421
0.0418515
0.0405419
0.0429849
0.0461675
0.0484829
0.0486082
0.043986
0.0419566
0.041766
0.0438675
0.0403988
0.0445404
0.0395806
0.0418686
0.0410317
0.0438046
0.0421968
0.0417205
0.042621
0.0419743
0.0418546
0.0416441
0.0412314
0.0395283
0.0420064
0.0397369
0.0403682
0.0496506
0.0407874
0.0399505
0.0406404
0.0403498
0.0438173
0.0402421
0.0417139
0.0432918
0.0412219
0.0432394
0.0405499
0.0403165
0.0422125
0.0397915
0.0398894
0.0398544
0.0425474
0.0431676
0.0406534
0.0456369
0.0450694
0.0450799
0.0417514
0.0426253
0.0428156
0.0440614
0.0426137
0.0421447
0.0432841
0.0418507
0.0385678
0.0403368
0.039222
0.0477611
0.0437148
0.0402023
0.0369082
0.0406467
0.0425149
0.0417689
0.0411029
0.0458769
0.0396824
0.0418417
0.0397599
0.0392703
0.0410623
0.0410014
0.0425421
0.0414237
0.0393531
0.0407612
0.0471778
0.045302
0.0426589
0.0425129
0.0429778
0.0411942
0.0399861
0.0397902
0.0455578
0.0421678
0.0411485
0.0406727
0.040427
0.0422259
0.0405757
0.0436197
0.0413688
0.0416044
0.0499264
0.0391853
0.0440599
0.0405803
0.0407435
0.0456203
0.0408728
0.0393114
0.0418452
0.0400969
0.0419965
0.040597
0.0433331
0.0455136
0.0427587
0.0402739
0.0414187
0.0397192
0.0430837
0.0393477
0.0424264
0.0395969
0.0413374
0.0421459
0.0395988
0.042712
0.0403903
0.045318
0.0419888
0.0419062
0.0431929
0.0413363
0.041144
0.044686
0.0408979
0.0433479
0.0417369
0.0457854
0.0400992
0.0396398
0.0506298
0.0447367
0.0406892
0.0408499
0.0471888
0.0405288
0.0412867
0.0407733
0.0430595
0.0434375
0.0421076
0.0412818
0.0415352
0.0408881
0.0434894
0.0436996
0.0435554
0.0449605
0.0426832
0.0408086
0.0420495
0.0451325
0.0455772
0.0497271
0.0412292
0.0444062
0.0422183
0.0410234
0.0444014
0.0426123
0.0452729
0.0452385
0.0439447
0.0442832
0.0425362
0.0432144
0.043414
0.0430191
0.0446904
0.0539929
0.0439861
0.0400603
0.0451857
0.0441252
0.0450633
0.0461693
0.0449241
0.045182
0.0451278
0.0436232
0.0438654
0.0488548
0.0456651
0.0473137
0.0434986
0.0506349
0.0436802
0.0457161
0.04672
0.0421172
0.0418024
0.0527605
0.0445063
0.0578062
0.0455288
0.0476137
0.045196
0.0454133
0.0477075
0.0457741
0.0454577
0.0447587
0.0459088
0.0466826
0.0453641
0.0451632
0.0482586
0.0436367
0.0429062
0.0453823
0.0438829
0.0441275
0.0453343
0.0461718
0.0432805
0.0426884
0.0474973
0.0501295
0.0463156
0.043004
0.043759
0.0439966
0.0451185
0.0458176
0.0459653
0.0482979
0.0502331
0.0487799
0.0496851
0.0457879
0.0454777
0.0476711
0.0452303
0.0450948
0.0440476
0.0434014
0.0439145
0.0462241
0.049552
0.0454779
0.0452919
0.047929
0.0458382
0.0450836
0.0442315
0.0441209
0.0528904
0.0451693
0.0443162
0.0492103
0.0470452
0.0441776
0.0454591
0.0450889
0.0475419
0.0457268
0.0448813
0.0446238
0.0470937
0.0457803
0.0455582
0.0430638
0.0486439
0.0449508
0.0462105
0.0430744
0.0457136
0.0443493
0.0454319
0.0484469
0.0459562
0.0450158
0.04488
0.0463262
0.0446299
0.0460714
0.0494703
0.0474166
0.0452518
0.0461423
0.0447734
0.0485294
0.0474387
0.0486672
0.0458561
0.0454664
0.0468588
0.0452816
0.047751
0.0494863
0.0465098
0.0477559
0.0461611
0.0456915
0.0475789
0.0500841
0.0479029
0.0472009
0.048949
0.0463029
0.0477575
0.0457596
0.0487889
0.0507248
0.051309
0.053604
0.0657417
0.0569207
0.0522704
0.0490752
0.0506901
0.0477641
0.0505256
0.0470236
0.0589959
0.0516698
0.0481195
0.0494765
0.0534065
0.0517724
0.0474349
0.0488678
0.0531045
0.0491024
0.0489067
0.0513904
0.0488361
0.0505059
0.0495745
0.0520951
0.050104
0.0498193
0.0512901
0.0507744
0.0486401
0.0501351
0.0536537
0.0557919
0.0521015
0.0520274
0.0518278
0.055429
0.0517101
0.0534119
0.0536729
0.069739
0.0539888
0.0482897
0.0478251
0.0491101
0.0505913
0.0482872
0.0481026
0.0456908
0.0489085
0.0489819
0.0506319
0.0470844
0.0524428
0.0511204
0.0550297
0.0504974
0.0533254
0.0580137
0.0560242
0.055658
0.0565637
0.0543439
0.057014
0.0575075
0.058929
0.0577383
0.0572536
0.0562116
0.0630259
0.0563274
0.0577986
0.057208
0.0586611
0.0552863
0.0595586
0.0526336
0.0589069
0.0566335
0.0569475
0.0535814
0.0520798
0.0553507
0.0570154
0.0571139
0.0541076
0.0545006
0.0530871
0.0535631
0.0519961
0.0483837
0.0546671
0.0538921
0.0520078
0.0540845
0.0617959
0.0555998
0.0551392
0.0547631
0.0547885
0.0546871
0.0502356
0.0544927
0.0528079
0.0520477
0.0526094
0.0564867
0.0550656
0.0519092
0.0542006
0.0631649
0.0550883
0.0553508
0.0513808
0.0516063
0.0577059
0.0557375
0.0578859
0.0607772
0.0582623
0.0550105
0.0560944
0.0651682
0.0528971
0.0536295
0.0532898
0.0555685
0.0542249
0.0560579
0.0545484
0.0604676
0.0568543
0.0528228
0.0546674
0.053288
0.0512237
0.0513571
0.0513254
0.048066
0.0493205
0.0515216
0.0493029
0.0463791
0.0502915
0.0458369
0.0486347
0.0498435
0.0524232
0.0452695
0.0480119
0.0405063
0.0480947
0.047143
0.0508002
0.0518486
0.0451175
0.0473273
0.0492625
0.0505772
0.0461228
0.0475522
0.0492151
0.0508191
0.0481816
0.049816
0.0536747
0.0454705
0.0489217
0.0481354
0.0424936
0.0473855
0.0489665
0.0490562
0.0563037
0.051651
0.0521413
0.043961
0.0436704
0.047622
0.0484819
0.0488982
0.0520897
0.0470104
0.0469179
0.0453502
0.048588
0.0510407
0.05089
0.0505876
0.0495248
0.0505107
0.0493135
0.0473184
0.0524795
0.0482965
0.0487758
0.0480785
0.0463047
0.0503122
0.0505856
0.0485316
0.0444881
0.0448774
0.0471484
0.0492507
0.0566199
0.0555582
0.0479846
0.0498779
0.0507348
0.0488973
0.0521204
0.0472792
0.0509641
0.0478137
0.0524809
0.0498433
0.0536167
0.0494766
0.0523561
0.0496085
0.0519187
0.0510172
0.053109
0.0519977
0.0500228
0.0519058
0.0520826
0.0518335
0.0508007
0.0519409
0.0533877
0.0536143
0.0514195
0.0533328
0.0538284
0.0539056
0.0509914
0.0528583
0.0540807
0.0513145
0.0495199
0.051121
0.0583774
0.0574654
0.0509614
0.0499776
0.0536024
0.0533131
0.0549506
0.0512259
0.0539502
0.0420748
0.0462588
0.0510361
0.0504816
0.0512902
0.0503096
0.045795
0.0521648
0.0443994
0.0505001
0.0450159
0.0567928
0.04924
0.0492498
0.0499366
0.0322062
0.0315254
0.0312813
0.0333444
0.031525
0.0346231
0.0347978
0.0347316
0.0513167
0.0572443
0.0491315
0.0433463
0.0463236
0.0467118
0.029505
0.0282079
0.0510953
0.0464107
0.0551181
0.0488463
0.0488665
0.0465191
0.0487638
0.0452913
0.0425016
0.0420938
0.042095
0.0285482
0.0279605
0.0292428
0.0264122
0.0305768
0.0261522
0.0353507
0.029788
0.0314391
0.0272112
0.0271667
0.0279253
0.027353
0.0279406
0.0266946
0.0272233
0.0283424
0.033279
0.0292062
0.0316221
0.0454794
0.0297314
0.0304945
0.03209
0.0330242
0.0340685
0.0324108
0.0579596
0.0500662
0.050051
0.0384462
0.0390921
0.0417324
0.0382211
0.0389282
0.0457119
0.0401277
0.0370356
0.0422039
0.0507321
0.04211
0.0496895
0.0492561
0.0493248
0.0526873
0.0499019
0.0433338
0.0512198
0.0442787
0.0441359
0.0427661
0.0419007
0.0431622
0.0434609
0.0481628
0.0509789
0.0508367
0.0473878
0.0479115
0.0474101
0.0502645
0.0484374
0.0483081
0.0511926
0.0541653
0.0493088
0.048096
0.048609
0.0517181
0.0398102
0.0402786
0.0407751
0.038784
0.0397519
0.0382207
0.0401837
0.0379738
0.0377929
0.0430548
0.0366817
0.038549
0.0372856
0.0366328
0.0408958
0.0372079
0.0380819
0.0365971
0.0370217
0.0387907
0.0392772
0.0424474
0.0381442
0.0409117
0.0397275
0.0413513
0.0479767
0.040474
0.0419972
0.0432437
0.0370934
0.039098
0.0381568
0.0412906
0.0432339
0.0391406
0.0425267
0.0419932
0.0444304
0.0416399
0.0406373
0.0452603
0.0410929
0.04124
0.0419646
0.0420491
0.0403143
0.0416989
0.0415686
0.0414162
0.0508559
0.0423393
0.0414508
0.0396905
0.041311
0.0428062
0.0447764
0.0444098
0.0394534
0.04217
0.0390939
0.0387957
0.0376554
0.0383996
0.0391931
0.0386396
0.0366203
0.0331068
0.0353646
0.0349237
0.0361429
0.0374247
0.0380634
0.0358753
0.0370623
0.0389039
0.0334598
0.0330474
0.0330509
0.0347987
0.0343651
0.0334803
0.0339861
0.0331088
0.0336903
0.0371306
0.0346396
0.0345281
0.0345222
0.0358255
0.0328625
0.0340633
0.044367
0.0436164
0.0439733
0.0350459
0.0352236
0.0348535
0.0344799
0.0353339
0.0356172
0.0345402
0.0368124
0.034955
0.0350746
0.0346756
0.0460904
0.0400586
0.0446823
0.0486406
0.0435787
0.0418759
0.0378414
0.0380207
0.0438197
0.0434107
0.0465336
0.0402653
0.0416016
0.0404328
0.0406934
0.0466915
0.0470954
0.0456976
0.039291
0.0398091
0.0447815
0.0405295
0.0437934
0.044326
0.0459225
0.0520994
0.0428082
0.0426274
0.0432443
0.0405178
0.043165
0.0471141
0.0527664
0.0472979
0.0492458
0.0540118
0.0466475
0.0461191
0.0461418
0.0470264
0.047203
0.0444756
0.0475507
0.0490864
0.0432312
0.0445126
0.0418723
0.0482011
0.0471554
0.0510119
0.0508702
0.0445959
0.0408668
0.0514466
0.0521517
0.0432518
0.0426232
0.0486993
0.046511
0.0456215
0.0469592
0.0462954
0.0426154
0.046787
0.045377
0.0514792
0.0431329
0.0512303
0.0454211
0.0485236
0.0442284
0.0366616
0.050895
0.0472169
0.044336
0.0426125
0.0418395
0.0440043
0.0526355
0.0476783
0.0414145
0.0390745
0.0389566
0.0466912
0.0402601
0.0457274
0.0437646
0.0450595
0.0449986
0.0417531
0.0399685
0.0439675
0.0468662
0.0481569
0.0533025
0.0573342
0.0485654
0.0461334
0.0454691
0.0447505
0.0527542
0.0559814
0.0467375
0.047541
0.0464701
0.0443962
0.0454115
0.0477491
0.0459668
0.0489564
0.0483862
0.0493117
0.0460637
0.0433295
0.0430059
0.046418
0.0435553
0.0437672
0.0452762
0.046981
0.0453735
0.043796
0.0440078
0.046117
0.0453173
0.0444756
0.0395038
0.0408233
0.0435942
0.0408556
0.0410828
0.0423883
0.0418434
0.0458094
0.0389826
0.039592
0.0442406
0.0429489
0.0415427
0.0450365
0.0450956
0.0473975
0.0460261
0.0478912
0.0487513
0.0448881
0.048829
0.0415252
0.0416355
0.0430702
0.0452661
0.0425047
0.0406629
0.0432353
0.0441129
0.0556702
0.0445472
0.044069
0.0456483
0.0497882
0.0440802
0.0428915
0.0559817
0.0518605
0.0448922
0.0470953
0.0444516
0.0447454
0.0474672
0.0503164
0.0498582
0.0452404
0.0503279
0.0541428
0.048339
0.0470998
0.0438743
0.0449573
0.0459845
0.0494701
0.0465024
0.0518136
0.0512319
0.0484492
0.0501095
0.0567628
0.0568767
0.0508946
0.0517201
0.0524024
0.0546616
0.0575187
0.0456801
0.0447137
0.0536927
0.0467098
0.0527266
0.0478793
0.0546175
0.0544097
0.0454529
0.0477716
0.047696
0.0469003
0.0521986
0.0465157
0.0499879
0.0532357
0.0537678
0.0545866
0.0550366
0.0558299
0.0561882
0.0547657
0.0548616
0.0572369
0.0559305
0.0603915
0.0484604
0.0452721
0.0528528
0.055205
0.0579275
0.0552324
0.0579483
0.0571585
0.0549786
0.0610625
0.0531802
0.0503621
0.0543339
0.0550594
0.0529761
0.0510765
0.0448243
0.0507507
0.0496029
0.051627
0.0486057
0.0563207
0.0450138
0.0592645
0.0524568
0.0463704
0.0499288
0.0601761
0.0542494
0.0434127
0.0511642
0.0478604
0.0558738
0.05209
0.0447522
0.0487398
0.0489586
0.0464583
0.0434917
0.0535616
0.04993
0.0525432
0.0559145
0.0534027
0.0524111
0.0479543
0.0489376
0.0516989
0.0484887
0.0499167
0.0509957
0.0494948
0.0496513
0.0567364
0.052028
0.0561214
0.0496367
0.043582
0.0510709
0.0455305
0.0505991
0.0509819
0.0529597
0.0480337
0.0481221
0.0476844
0.0484214
0.0381027
0.0428144
0.0396423
0.0396059
0.0477497
0.0516658
0.0399224
0.0399598
0.0443341
0.0485616
0.0471943
0.049368
0.0476083
0.0358605
0.0456353
0.0483349
0.0484511
0.0443591
0.0483534
0.0388294
0.0469108
0.0453049
0.044054
0.0447107
0.035907
0.0353532
0.044227
0.0450167
0.0368521
0.0360265
0.0448129
0.0469434
0.0410474
0.0465776
0.0403201
0.0437629
0.0420625
0.0424422
0.0357519
0.0425532
0.0422553
0.0393059
0.0438571
0.0447264
0.0462729
0.0449622
0.0417955
0.0351793
0.0363493
0.0373814
0.0348229
0.0414346
0.043933
0.0439891
0.0404527
0.0395728
0.044794
0.0431956
0.0434922
0.0446547
0.0443842
0.0440579
0.045868
0.0465891
0.0431292
0.0377549
0.0502234
0.0482194
0.0382221
0.033714
0.0270447
0.0285121
0.0261641
0.0281528
0.0258172
0.0273684
0.0289133
0.0286319
0.0282207
0.0291905
0.0272871
0.0268361
0.0280692
0.0283756
0.0304302
0.029973
0.0285543
0.027117
0.0276491
0.0286118
0.025547
0.0270338
0.0304654
0.0310121
0.0281305
0.0272482
0.0285439
0.0272874
0.0288431
0.0314597
0.0263887
0.0282561
0.0267288
0.0268098
0.0288831
0.0313099
0.0296722
0.0312785
0.029682
0.0298995
0.0296896
0.0298987
0.0297394
0.0299275
0.0307862
0.0304424
0.0302013
0.0314082
0.0314078
0.0302851
0.0321059
0.0320505
0.0307379
0.0319521
0.0323831
0.0317533
0.0346336
0.0317891
0.0333194
0.0328738
0.0322874
0.0317584
0.0315853
0.0318352
0.0332328
0.0320478
0.0339347
0.0329776
0.0310443
0.0317943
0.0321007
0.0317772
0.031083
0.0323621
0.0304553
0.0324388
0.0313039
0.0318869
0.0318511
0.0322296
0.0314527
0.0311188
0.0312968
0.0317666
0.0315242
0.0311809
0.0391584
0.0302742
0.0326905
0.0341533
0.0321031
0.0315321
0.0313745
0.0320344
0.0325703
0.0327903
0.0326915
0.0322053
0.0317946
0.0322532
0.0330887
0.0332434
0.0336633
0.0329558
0.0321539
0.0326262
0.0324128
0.0315278
0.0313112
0.0323348
0.0359854
0.0319509
0.0317343
0.0325548
0.0325187
0.0322901
0.0316669
0.0328254
0.0321926
0.0321539
0.0328616
0.0337165
0.0353824
0.0319478
0.0346795
0.0336382
0.0337568
0.0361392
0.0354
0.0344675
0.0348753
0.0343236
0.0336618
0.0367341
0.0354904
0.0335228
0.0378259
0.0367414
0.0362253
0.0375352
0.0343737
0.0362997
0.0379545
0.0360908
0.0372002
0.0370745
0.039391
0.0369918
0.0367751
0.0384216
0.0370718
0.0393031
0.0378227
0.0354024
0.0365294
0.0364164
0.0435198
0.0369812
0.0424603
0.036181
0.0392991
0.0361942
0.0369874
0.0356293
0.0365216
0.0377603
0.0366988
0.0376561
0.0370035
0.0392907
0.0364953
0.0350686
0.0363486
0.035231
0.0343601
0.0347705
0.0354412
0.0337788
0.0359466
0.0357269
0.0347338
0.0350098
0.0340567
0.0335747
0.0346763
0.0329594
0.033668
0.0351426
0.0337847
0.0338579
0.0325706
0.0372272
0.0335733
0.0347201
0.0351685
0.0348204
0.0359808
0.0343149
0.0344998
0.034164
0.035213
0.0348641
0.0342369
0.0355667
0.0338552
0.0358914
0.0348376
0.0346184
0.0335515
0.0314636
0.0340986
0.0331074
0.0370255
0.0339491
0.0360442
0.0328329
0.0340493
0.0347989
0.0338263
0.033578
0.0347689
0.0355959
0.0337049
0.0333477
0.0331499
0.0348074
0.0340106
0.0336369
0.0329527
0.0332599
0.0345357
0.0369804
0.0350542
0.0334814
0.0344454
0.0349297
0.035383
0.0329043
0.0346511
0.0326538
0.0330956
0.0351894
0.0323277
0.0355238
0.0353995
0.0359843
0.0374412
0.0349475
0.03595
0.0368343
0.039329
0.0373905
0.0372534
0.0354077
0.0379892
0.0362838
0.0354151
0.0361129
0.0347432
0.0356621
0.0365229
0.0367803
0.0397131
0.0351841
0.0350793
0.036304
0.0364521
0.0346635
0.0341522
0.0380292
0.0386382
0.0330803
0.0364338
0.0350926
0.0359436
0.0335045
0.0341472
0.0360177
0.0397129
0.0345034
0.0365199
0.037004
0.0380903
0.0348909
0.0342564
0.0358081
0.035573
0.0348137
0.0336684
0.034824
0.0347553
0.0361707
0.0345299
0.034817
0.0372578
0.0385663
0.0358025
0.0364631
0.0353812
0.0365437
0.0384202
0.0350828
0.03543
0.0356016
0.0337832
0.0397672
0.0328126
0.0385154
0.0360759
0.0342859
0.0353017
0.0389892
0.0351764
0.0351219
0.0358756
0.0374437
0.0331932
0.0349393
0.0391033
0.037827
0.0387238
0.035594
0.0461842
0.0387383
0.038474
0.0366498
0.0396037
0.035672
0.0357887
0.033786
0.0351343
0.0343334
0.0377199
0.0373917
0.0350291
0.0349264
0.0369559
0.0379424
0.0356242
0.034383
0.0354334
0.0352938
0.036999
0.0386871
0.0358754
0.0380476
0.036982
0.0366013
0.0361795
0.0381191
0.0359613
0.035725
0.0336273
0.0347236
0.0363256
0.0347535
0.0329724
0.0348428
0.03528
0.0342768
0.0378656
0.0359039
0.035527
0.0367264
0.0356356
0.0391583
0.037568
0.0357127
0.0373705
0.0374073
0.0359781
0.0353082
0.0358715
0.0355183
0.0397815
0.0396552
0.0387696
0.0377145
0.0371475
0.0384514
0.0376643
0.0397571
0.0364934
0.0377139
0.0382271
0.0370936
0.0400117
0.0421594
0.0371225
0.0387891
0.039385
0.0352696
0.0349024
0.0360399
0.0370756
0.0349946
0.0359132
0.0370216
0.0369469
0.0349236
0.0362114
0.0360507
0.0345544
0.0351912
0.0373729
0.0348612
0.0378317
0.035991
0.0361302
0.0348374
0.037221
0.0384463
0.0391172
0.0362708
0.0394186
0.0384374
0.0393111
0.0373443
0.0481829
0.034925
0.0370984
0.0380542
0.0403204
0.0372156
0.0372463
0.0402449
0.0371372
0.038926
0.0373922
0.0390677
0.0378071
0.0381492
0.0349621
0.0393756
0.0393227
0.0421717
0.0390531
0.0373066
0.0417085
0.0467755
0.043254
0.0419881
0.0433211
0.0404152
0.0409915
0.043815
0.0405916
0.0394185
0.0414682
0.038067
0.0411649
0.0419665
0.0427227
0.0427271
0.0416211
0.0437623
0.0432095
0.0428972
0.0425586
0.044027
0.0426487
0.0412439
0.0425014
0.0420746
0.0369813
0.0419242
0.0408434
0.0408521
0.042374
0.0413973
0.0419318
0.0413218
0.0426776
0.0420523
0.0445971
0.0438823
0.0420929
0.0412303
0.0445594
0.044448
0.0514642
0.0430267
0.0399974
0.0445621
0.0436255
0.0439834
0.0436606
0.0452149
0.0429679
0.0409899
0.0437624
0.0437947
0.0455903
0.0425116
0.0424753
0.0432645
0.0427641
0.0454465
0.0441716
0.0440395
0.0400244
0.0447932
0.0463664
0.0461619
0.0457179
0.0406547
0.0479154
0.0454468
0.0477235
0.0446089
0.0491651
0.0446469
0.0468915
0.0439632
0.0463685
0.0439427
0.0421044
0.0460845
0.0435977
0.0452196
0.0453832
0.044339
0.0494577
0.0484764
0.0475776
0.0466453
0.0449205
0.0470408
0.0486019
0.0466539
0.0468353
0.0502127
0.0488179
0.0511246
0.048004
0.0460304
0.0547002
0.0517603
0.0462965
0.0499067
0.0476763
0.0463779
0.0493686
0.0456684
0.0451949
0.0474776
0.0472068
0.049458
0.0533441
0.0502082
0.0520705
0.0490155
0.0494251
0.0502465
0.0523107
0.0528657
0.0480975
0.0504196
0.0472864
0.0488313
0.0524119
0.0450628
0.0512953
0.0447591
0.0465943
0.0450659
0.0477972
0.0485729
0.0486614
0.0481715
0.0479732
0.0518894
0.0458272
0.0500812
0.0462877
0.0499879
0.0508934
0.0489603
0.0459075
0.0457721
0.0440993
0.0478346
0.0461748
0.0497566
0.0466822
0.0486439
0.0464194
0.0454758
0.0427351
0.0448444
0.04743
0.0449693
0.0477619
0.0474629
0.0472429
0.0457425
0.0473821
0.0457053
0.0457373
0.0449467
0.044339
0.0472605
0.0505736
0.0466037
0.0468702
0.0471499
0.0466395
0.0489074
0.0451986
0.0463927
0.052172
0.0468161
0.0480897
0.0473708
0.0486032
0.0461792
0.0470727
0.0471301
0.0487289
0.0471479
0.0483107
0.0504862
0.0482384
0.0464056
0.051414
0.0494369
0.0472928
0.0511226
0.0496153
0.0509598
0.051302
0.0532744
0.0492245
0.0517878
0.0499245
0.0503468
0.0488998
0.0530107
0.0505758
0.0529612
0.0526317
0.0525455
0.0494261
0.0529893
0.0520111
0.0545194
0.0523009
0.0558457
0.0572917
0.0549341
0.0511545
0.053347
0.0533197
0.0512757
0.0534916
0.0537621
0.0534143
0.0488036
0.0533336
0.0472038
0.0513331
0.0523398
0.0501115
0.0508524
0.0515062
0.0517136
0.0508291
0.0520431
0.0529012
0.0519124
0.0525834
0.050505
0.0527889
0.0506463
0.05145
0.0484396
0.0512138
0.0505924
0.0507179
0.0542379
0.0521564
0.0545421
0.0549415
0.0515261
0.0523241
0.0523435
0.0540169
0.0493999
0.0499789
0.0519629
0.0536325
0.05572
0.0541493
0.0513089
0.0508156
0.0555234
0.0566565
0.0569865
0.0544217
0.0550099
0.0551869
0.0555092
0.057979
0.0555493
0.057901
0.0653796
0.0609118
0.0623968
0.0576425
0.0579147
0.0582204
0.0597462
0.057276
0.0567617
0.0580406
0.0565533
0.0575573
0.0571198
0.0606616
0.0556192
0.0567616
0.0592954
0.0569553
0.0613465
0.0563942
0.0587469
0.0594038
0.0557556
0.05715
0.0546764
0.0561366
0.0544748
0.0538095
0.0510963
0.0529817
0.0543017
0.0608061
0.0654043
0.0514942
0.0563159
0.0469143
0.0460369
0.0599336
0.0478349
0.0532671
0.0535582
0.0452971
0.0540459
0.057224
0.0470004
0.0548126
0.0543374
0.0539058
0.0535847
0.0527466
0.0557527
0.0527113
0.0544245
0.0542607
0.0564809
0.0529665
0.0551724
0.0558247
0.0555633
0.048323
0.0526767
0.0562196
0.0554084
0.0559758
0.0555738
0.0620625
0.0557063
0.0592056
0.0637132
0.0594002
0.0640903
0.0614429
0.0629505
0.0658081
0.0633965
0.0630224
0.0637865
0.0565683
0.0613966
0.0603744
0.0595089
0.0643637
0.0579513
0.0610803
0.0577623
0.0566301
0.0604453
0.0574165
0.0567475
0.0530488
0.0552794
0.0560995
0.0615834
0.0584405
0.0584506
0.0515713
0.0544031
0.0588183
0.0561363
0.0551986
0.0557051
0.0542028
0.0566414
0.0537542
0.056292
0.0526898
0.0536697
0.0549583
0.0547774
0.0536044
0.0526632
0.0527981
0.0491365
0.0547871
0.0532872
0.0548917
0.0535271
0.0536786
0.0536627
0.0529476
0.0513109
0.0548148
0.0588562
0.0584744
0.0575595
0.0556584
0.061456
0.0573931
0.0582011
0.0603233
0.0570851
0.0609391
0.0551924
0.058757
0.0471537
0.0653549
0.0682118
0.0552203
0.0492134
0.0528787
0.0509141
0.0495904
0.0548032
0.0520539
0.0458562
0.0533908
0.0532366
0.0573102
0.0536883
0.0522466
0.059866
0.056946
0.059022
0.0560519
0.0523281
0.055383
0.0594836
0.0653528
0.0518842
0.0573152
0.061803
0.055559
0.0544226
0.0540001
0.0551162
0.060613
0.0591554
0.0533337
0.0550768
0.0539504
0.054371
0.0518067
0.0614112
0.0560698
0.0600593
0.0671448
0.0616018
0.0648014
0.0617866
0.0605104
0.0518763
0.0636254
0.0562115
0.0581817
0.0571179
0.053814
0.0605577
0.0559407
0.0647083
0.0520212
0.0583297
0.0595737
0.0510026
0.0628434
0.0517778
0.0536954
0.0609671
0.0582984
0.0601111
0.0576374
0.0619474
0.0660995
0.0646673
0.0559651
0.0585549
0.0550883
0.053542
0.054737
0.0504615
0.0555089
0.0537996
0.0498118
0.0649957
0.0551337
0.0587252
0.0608499
0.0558323
0.0514885
0.0593196
0.0535646
0.0605828
0.0562791
0.0621147
0.0590633
0.0604988
0.0536397
0.0568667
0.0633326
0.0654087
0.0653091
0.0618324
0.0576083
0.0567206
0.0540672
0.0540077
0.0621404
0.0548282
0.0620851
0.0747719
0.0501868
0.0552453
0.0670928
0.0559751
0.0745466
0.0564636
0.0582394
0.0628143
0.0741745
0.0609794
0.0561819
0.0645635
0.0529103
0.0602375
0.0587426
0.0619238
0.057088
0.0593699
0.0589737
0.0598662
0.0609223
0.0649234
0.0645046
0.0609561
0.0693814
0.0656106
0.0595548
0.0626897
0.0678046
0.0712954
0.0635556
0.0673944
0.071357
0.0697964
0.0699923
0.078688
0.0684571
0.0678007
0.0688132
0.0642757
0.0883061
0.077435
0.0666307
0.0717197
0.0704626
0.0759754
0.0926587
0.0792247
0.0641166
0.0755216
0.0721611
0.0752928
0.0865183
0.080678
0.0808558
0.0747421
0.0717117
0.0753204
0.072636
0.0875284
0.0742908
0.0641591
0.0787614
0.0747963
0.0665007
0.0737314
0.0732874
0.0689399
0.0846953
0.0689893
0.0694344
0.0902006
0.0767551
0.0812978
0.0749067
0.0828109
0.0764229
0.072613
0.0759028
0.0745316
0.0763604
0.0809922
0.0722573
0.0670633
0.0554093
0.080724
0.0766345
0.0828486
0.0688312
0.0766827
0.0806185
0.0728769
0.0725659
0.0863302
0.0677663
0.0784142
0.0736269
0.0863981
0.0728571
0.0680523
0.0665358
0.0756007
0.0680782
0.070998
0.0654251
0.0754838
0.07111
0.0725208
0.0617789
0.0729868
0.0868284
0.0688078
0.0773625
0.0690574
0.0807968
0.0751603
0.0737949
0.0746693
0.0681288
0.0703289
0.0788314
0.0675043
0.0699275
0.080385
0.0752444
0.0681044
0.0662439
0.0859285
0.072262
0.0635831
0.0692946
0.073687
0.0829613
0.0667808
0.0819982
0.0858923
0.0828609
0.0787626
0.0734702
0.0826294
0.0637427
0.0747375
0.0601226
0.0688638
0.0737064
0.0675857
0.0689543
0.0677835
0.0681877
0.0724812
0.0642836
0.0616786
0.0707515
0.0667393
0.0675873
0.0762459
0.0736707
0.0727466
0.0949851
0.0815582
0.0763268
0.0751388
0.0733986
0.089611
0.0670668
0.0673055
0.0791821
0.0698111
0.0771077
0.0697776
0.0757367
0.0717071
0.0670197
0.0813191
0.0778513
0.0703051
0.0717628
0.0523378
0.0667622
0.0632087
0.0831926
0.083809
0.0645436
0.0674152
0.0724764
0.0785178
0.0826678
0.0735491
0.0647478
0.0692762
0.0645662
0.0730701
0.0629517
0.0765444
0.0656
0.0704015
0.075449
0.0733703
0.0709357
0.0734859
0.0543689
0.0749615
0.077346
0.0801891
0.0598416
0.0640224
0.0803222
0.0800146
0.0698774
0.0824882
0.0749655
0.0714327
0.0736182
0.0660465
0.0721702
0.0623992
0.0665052
0.0638149
0.0655487
0.0667048
0.0816355
0.0644589
0.0705222
0.0833295
0.0725426
0.0714689
0.0743093
0.0719674
0.0726726
0.0781342
0.0895348
0.0802576
0.0746786
0.0820888
0.0746388
0.0843296
0.0937625
0.0801096
0.0729965
0.087269
0.0766346
0.0865987
0.0776152
0.0763763
0.075288
0.0818944
0.0762104
0.0756168
0.0785059
0.0742412
0.0755004
0.0873762
0.0819276
0.074343
0.0758526
0.0758475
0.0748533
0.0768055
0.0746061
0.074897
0.0766127
0.076341
0.0746516
0.0749256
0.0820957
0.0762858
0.0762158
0.0802292
0.0885293
0.0742718
0.078458
0.0764059
0.0756171
0.0799777
0.0762008
0.0726577
0.0766406
0.0759618
0.074538
0.0758978
0.0758723
0.0823974
0.0771772
0.0760862
0.0761816
0.0771568
0.0744776
0.0851323
0.0771916
0.0827627
0.081466
0.0783672
0.0763919
0.088637
0.0795198
0.079614
0.0824717
0.0856787
0.0792596
0.0782355
0.0850642
0.0851866
0.0879805
0.0842654
0.0839534
0.0845581
0.0875288
0.0845805
0.0844485
0.0893993
0.0825556
0.0338412
0.0438861
0.0439068
0.0566659
0.0376392
0.0333945
0.0299346
0.0280901
0.029382
0.0293755
0.0304435
0.030688
0.026501
0.0296504
0.0301166
0.0311701
0.0290153
0.0284655
0.0260662
0.0332104
0.0306709
0.0293834
0.0283348
0.0297095
0.0309042
0.0323475
0.0361375
0.0304726
0.0299609
0.0292337
0.0301169
0.0277079
0.0290946
0.0289087
0.0282639
0.0312258
0.033387
0.0283372
0.0291019
0.0306924
0.0308686
0.0337403
0.0298658
0.0320929
0.0328977
0.0290153
0.0319195
0.0283625
0.0326905
0.0302643
0.0308994
0.0330137
0.029735
0.0332981
0.0304346
0.0323258
0.0322635
0.0299168
0.0336957
0.03516
0.0309901
0.0345691
0.0318623
0.0344358
0.034091
0.0325698
0.0330152
0.0325322
0.032275
0.0352101
0.0334619
0.0359441
0.0337408
0.033662
0.0331397
0.0320247
0.0329331
0.0326155
0.0331815
0.032713
0.0325633
0.0331073
0.0343229
0.0326412
0.0343911
0.0323444
0.0320834
0.0357988
0.0323043
0.033923
0.0336212
0.0311253
0.0334588
0.0317871
0.0362978
0.0350402
0.0329422
0.0333638
0.0352808
0.0337028
0.0344805
0.032115
0.0339372
0.0350718
0.0322983
0.0363831
0.0332435
0.0326718
0.0344934
0.0333932
0.0342294
0.0354065
0.031608
0.0333312
0.0336157
0.03309
0.0348315
0.0327319
0.0332282
0.0329012
0.0338434
0.0345646
0.03396
0.0325328
0.0347697
0.0344425
0.035603
0.0375025
0.0333561
0.0372323
0.0359099
0.0352963
0.03509
0.0367512
0.0361318
0.0360576
0.0353974
0.033368
0.0377029
0.0352261
0.0352157
0.0405942
0.0389693
0.0351758
0.0362782
0.034744
0.0387012
0.0387145
0.0398945
0.0401114
0.0402451
0.0441336
0.0438897
0.041856
0.0412719
0.0427809
0.0436061
0.0427966
0.0409368
0.0403465
0.0430127
0.0456566
0.0416067
0.0427247
0.0411095
0.0422057
0.0395502
0.0410341
0.040459
0.042303
0.0397787
0.0416955
0.0416718
0.0436679
0.0382715
0.0408825
0.0426224
0.048007
0.0403333
0.0385994
0.0402262
0.0387522
0.0381009
0.0392165
0.0448251
0.0404964
0.0389812
0.0381959
0.0419064
0.0368297
0.03815
0.0392739
0.0403674
0.0375565
0.0401305
0.0366152
0.0410205
0.039167
0.0418201
0.0438526
0.0398264
0.041329
0.0405062
0.0417786
0.0385906
0.0402961
0.0441302
0.0400214
0.0408979
0.039779
0.0427012
0.0407574
0.0411583
0.0389352
0.0410472
0.0421096
0.0415104
0.0450765
0.0420234
0.0465021
0.0421351
0.0428797
0.0447503
0.0449802
0.0418332
0.0412418
0.0402456
0.0451215
0.0465845
0.0402358
0.0456544
0.0436772
0.0435287
0.0434013
0.0413428
0.0417831
0.043762
0.0459718
0.0403793
0.0405488
0.0428054
0.0431017
0.0459364
0.041869
0.0425224
0.0425355
0.0408723
0.0420259
0.0453076
0.0442187
0.0442317
0.0462401
0.0437048
0.043795
0.0450568
0.0494402
0.0459564
0.0422185
0.0432706
0.0457098
0.0437238
0.043443
0.0423949
0.0445041
0.0407159
0.0440693
0.0439933
0.0465399
0.0452038
0.0489358
0.0492668
0.0442276
0.0431735
0.0452466
0.0463593
0.046189
0.0424527
0.0457393
0.0466531
0.0459457
0.0502073
0.0492902
0.0452423
0.0461706
0.0437172
0.0490065
0.0467317
0.0498483
0.0440291
0.0434549
0.046421
0.0438685
0.0464982
0.0526218
0.0426204
0.0437814
0.0495734
0.046162
0.0462636
0.0413533
0.0453738
0.0456877
0.0482198
0.0439522
0.0437179
0.0464898
0.042997
0.0444543
0.0445766
0.0391549
0.0443847
0.040787
0.0455719
0.042716
0.0433955
0.0463572
0.0425317
0.0484949
0.0425335
0.0422263
0.0476635
0.0412095
0.0459253
0.0459499
0.0433637
0.0465486
0.0425705
0.0481649
0.0442872
0.0464144
0.0477408
0.0486346
0.0442596
0.0498104
0.0422027
0.0446759
0.0444642
0.0459031
0.0460171
0.0451992
0.0459491
0.0480954
0.0450644
0.0454384
0.0448421
0.0432473
0.0463666
0.045538
0.0451504
0.0461187
0.0468341
0.0467101
0.0480109
0.0445037
0.0432249
0.0414885
0.0464434
0.0413931
0.0424754
0.0429153
0.0412096
0.041849
0.0449617
0.0450262
0.0394034
0.0442185
0.0477505
0.0454384
0.0473595
0.0420078
0.0482672
0.0472999
0.0454684
0.0492944
0.0420283
0.0429133
0.0438022
0.043995
0.045574
0.0469272
0.0472612
0.051816
0.0477791
0.0464448
0.0510682
0.0507384
0.0463072
0.0441267
0.0524104
0.0531943
0.0456372
0.0502847
0.0526171
0.0443521
0.0582074
0.0466631
0.0468102
0.0454581
0.0482567
0.0436049
0.0463517
0.0490345
0.0455734
0.0460725
0.0445909
0.0456768
0.0470554
0.0443909
0.0467855
0.0474865
0.044475
0.0449008
0.0487163
0.0468899
0.0427727
0.0438636
0.0456494
0.0480006
0.0466193
0.0430171
0.0480502
0.0461555
0.0454479
0.0467056
0.0439161
0.0485458
0.0459131
0.0445441
0.0468698
0.0452965
0.0460623
0.0461608
0.0445577
0.04497
0.0487687
0.0510382
0.045524
0.0424867
0.0462859
0.0464266
0.0424722
0.0465142
0.0406436
0.0452093
0.0469731
0.0457571
0.055974
0.046342
0.0420784
0.046414
0.0488017
0.0474506
0.0439768
0.0464074
0.0449629
0.0507727
0.0496319
0.0479811
0.0513284
0.0491298
0.0467221
0.0467475
0.0466174
0.0476447
0.056953
0.0499946
0.0590944
0.0479307
0.0497117
0.0463928
0.0464688
0.0480594
0.0446471
0.0509366
0.0466423
0.0486628
0.0463252
0.0471478
0.0494415
0.052711
0.0479241
0.0516082
0.043299
0.0484853
0.0512269
0.0530943
0.0484346
0.0486694
0.0523708
0.0522722
0.0466837
0.0487371
0.0499482
0.049122
0.0460875
0.0489613
0.0484196
0.0476684
0.0499048
0.051132
0.0506483
0.049598
0.0495879
0.0510311
0.0472836
0.0446254
0.0507317
0.050284
0.0516186
0.0508532
0.0470602
0.0498052
0.0666523
0.0504101
0.0521244
0.0520599
0.0520672
0.0532512
0.0534078
0.055446
0.0524663
0.0490105
0.0547014
0.0488866
0.0507274
0.0497383
0.0527259
0.053065
0.0537003
0.0501804
0.05267
0.057311
0.0553359
0.0575324
0.0546004
0.0532068
0.0567493
0.0549827
0.0526362
0.0536822
0.0525035
0.057883
0.0589181
0.0533991
0.0550184
0.0535514
0.0511893
0.055389
0.0526075
0.0539107
0.0569954
0.0566478
0.0555997
0.0584308
0.0560655
0.0558386
0.0576687
0.0552585
0.0552015
0.0577172
0.0572455
0.0554078
0.0582129
0.0517047
0.0553905
0.0544205
0.0540692
0.0579367
0.05348
0.0566627
0.056915
0.0520801
0.0590022
0.0571236
0.0582624
0.057537
0.0587458
0.0548249
0.0600039
0.0551686
0.0586115
0.0587379
0.0634544
0.0551211
0.0560209
0.0531638
0.0573717
0.0562942
0.0598216
0.0574759
0.0592338
0.0551936
0.0535922
0.0485796
0.0589923
0.0650382
0.0564699
0.0540095
0.055075
0.0587381
0.0562875
0.0540027
0.0565947
0.0650587
0.0568878
0.0565339
0.0555889
0.0553093
0.0562787
0.0570004
0.0605558
0.0565065
0.0582737
0.0709801
0.0599106
0.0561221
0.059068
0.0678555
0.0643228
0.0597956
0.0602836
0.0666434
0.0623015
0.0596078
0.0590497
0.0611214
0.0617474
0.0595679
0.0566509
0.0595142
0.0597043
0.0631049
0.0598944
0.0693879
0.0645949
0.059243
0.0675194
0.0590706
0.063975
0.0672664
0.0647484
0.0618754
0.0638765
0.0603014
0.0666972
0.0614269
0.0629407
0.0616374
0.0654676
0.0634612
0.0722749
0.0622904
0.0695832
0.0714389
0.0679583
0.0627424
0.0666602
0.0645267
0.0620103
0.0634189
0.0598311
0.0625008
0.0606889
0.061129
0.0589828
0.0599535
0.0587588
0.0605118
0.0583815
0.0606533
0.0604222
0.0674798
0.0582753
0.0588255
0.0593239
0.058529
0.0616368
0.0601083
0.0609956
0.0596515
0.057512
0.0616695
0.0602207
0.0607474
0.0694473
0.0590106
0.0747523
0.0625457
0.0645584
0.0620351
0.0654824
0.0654334
0.0587844
0.0593879
0.0590218
0.0589946
0.0615491
0.0653767
0.0617236
0.0598646
0.0686313
0.0682298
0.0704367
0.0726256
0.0653867
0.0681648
0.067366
0.0650018
0.0684241
0.0638036
0.0715424
0.0722254
0.0702736
0.0678271
0.0690757
0.0632098
0.0665677
0.0668854
0.0643846
0.0651422
0.0637893
0.0665342
0.0631576
0.06908
0.0666811
0.0678445
0.0656863
0.0724281
0.0639781
0.067148
0.0620369
0.0664759
0.0626162
0.0652325
0.0584371
0.0665741
0.0609248
0.0607723
0.0578846
0.0616994
0.0613604
0.0723596
0.0594193
0.0709412
0.0644553
0.0586535
0.0576313
0.0600698
0.0501632
0.0608947
0.0615016
0.0514177
0.0643529
0.0608127
0.0504016
0.0638838
0.0629273
0.0609945
0.0654472
0.062571
0.0689077
0.0639465
0.0615789
0.0622616
0.062295
0.0608544
0.0696899
0.0659538
0.0635709
0.0545419
0.0714198
0.0697589
0.0683919
0.0696339
0.0661475
0.0790334
0.064687
0.0779367
0.0760185
0.0801595
0.0853542
0.0771613
0.0713016
0.0750503
0.0737814
0.0771544
0.0708898
0.068698
0.0741064
0.0728876
0.07043
0.0704325
0.0666869
0.0689674
0.0705899
0.067983
0.0749828
0.0664612
0.0676764
0.0668992
0.0688863
0.0679758
0.0687856
0.0676888
0.0681761
0.0612955
0.0653634
0.0623263
0.0661748
0.0693102
0.0699779
0.0667517
0.069136
0.065703
0.0690833
0.0653063
0.0727956
0.0694046
0.0661141
0.0663916
0.0665598
0.0629716
0.0628785
0.06438
0.0671858
0.0669186
0.0610532
0.0693239
0.0668667
0.0660525
0.0661295
0.0664281
0.068037
0.0701918
0.0749647
0.0652806
0.0788634
0.0730307
0.0714958
0.0755387
0.0703509
0.0739681
0.0659039
0.0667806
0.0534118
0.0649544
0.072542
0.0666736
0.0618909
0.0632471
0.0637079
0.0595793
0.0641223
0.0616085
0.0519966
0.0634067
0.0613918
0.0610766
0.0635409
0.0622776
0.0592517
0.0630681
0.0658688
0.0689034
0.0687592
0.0698384
0.0628686
0.0814782
0.0634553
0.0738964
0.0805806
0.0617152
0.0615647
0.0628789
0.0621064
0.0716077
0.0709328
0.0579579
0.0604039
0.0613207
0.0712852
0.0647839
0.0701453
0.0583044
0.0719756
0.0738218
0.0731008
0.0703444
0.0697246
0.0636919
0.0609508
0.0675158
0.0674963
0.0590728
0.063118
0.0628384
0.0689305
0.0665006
0.0743992
0.0638018
0.06998
0.0664875
0.0635596
0.0608861
0.0622095
0.0614424
0.0691071
0.0613801
0.0690272
0.0742467
0.0747753
0.0769432
0.0688479
0.0940614
0.0714751
0.0739172
0.0616248
0.0700906
0.0613648
0.0696241
0.0704864
0.0654031
0.0770759
0.0637637
0.0737336
0.0714231
0.0631199
0.0646452
0.070724
0.0652778
0.0645945
0.0684644
0.0735587
0.0647043
0.0737739
0.0663976
0.0626114
0.0756879
0.0740637
0.0707297
0.0704423
0.0646814
0.064843
0.0644804
0.0687933
0.0802633
0.0634485
0.0721228
0.0815604
0.0571472
0.0680545
0.0823272
0.0648739
0.0740732
0.0651749
0.0667896
0.0737062
0.0896686
0.0754964
0.0643785
0.0762779
0.0639792
0.0759211
0.0669891
0.0734678
0.0764904
0.0690179
0.0700206
0.0656971
0.0716083
0.0754495
0.0669571
0.0691422
0.0840094
0.0763985
0.0654175
0.0756189
0.0723785
0.0792746
0.075941
0.0744105
0.0796107
0.0827024
0.0779643
0.0926186
0.0817163
0.0769562
0.0850352
0.0736682
0.0899149
0.0903303
0.0771149
0.082996
0.0849857
0.0909736
0.112794
0.0968472
0.0754301
0.0906803
0.0853449
0.0778543
0.103302
0.0896646
0.0928576
0.0950512
0.0876452
0.0929987
0.0841165
0.0838712
0.0868162
0.0811142
0.0964693
0.0953142
0.0794748
0.088435
0.0831044
0.0822499
0.102012
0.0796643
0.085765
0.0917399
0.0871752
0.100574
0.0847361
0.101928
0.0954435
0.0856679
0.0950726
0.08476
0.0893734
0.0997544
0.0749847
0.0784973
0.0615432
0.10278
0.0935615
0.106769
0.079558
0.0923609
0.0981939
0.0837305
0.0826808
0.0826172
0.0786005
0.0955611
0.0976102
0.105243
0.0863468
0.0841714
0.0762292
0.0788952
0.0866081
0.0772019
0.0767407
0.0895593
0.0778717
0.102394
0.0691195
0.0927036
0.0940542
0.0776014
0.0828329
0.0811563
0.0954987
0.0877032
0.0844455
0.0833823
0.0847565
0.0832301
0.0990576
0.0805142
0.0793011
0.0943192
0.0904261
0.0816655
0.0830911
0.0975589
0.0930605
0.0724045
0.0782295
0.0944273
0.0886419
0.0864265
0.096023
0.10453
0.092942
0.100677
0.085744
0.103756
0.0683505
0.0994891
0.0697462
0.0776134
0.0819828
0.0787188
0.0803419
0.0825854
0.0804997
0.0793019
0.0731292
0.0757182
0.0830637
0.0807967
0.0799095
0.0878248
0.0905966
0.0848462
0.10604
0.0930424
0.0934043
0.0879024
0.0900531
0.0905696
0.0795263
0.0812305
0.104405
0.0822568
0.0888123
0.0848376
0.0797884
0.0787677
0.0807852
0.0900582
0.0921246
0.0828853
0.0802028
0.0582456
0.0796568
0.0758374
0.109647
0.098824
0.0786231
0.0757262
0.0832005
0.0938497
0.0919901
0.0846654
0.0756138
0.0767969
0.0751992
0.0865806
0.0749858
0.0853446
0.0873265
0.0911185
0.0971134
0.0863146
0.0866345
0.0809853
0.0627059
0.088584
0.0925212
0.0932315
0.0735386
0.0750618
0.0960086
0.0966409
0.0888258
0.0930799
0.0876223
0.0867267
0.0822006
0.0792549
0.0988459
0.079845
0.081184
0.0774842
0.0767882
0.0753857
0.0755623
0.0732203
0.0843154
0.0941621
0.0878045
0.0838462
0.0804353
0.089646
0.0841723
0.0907435
0.0848087
0.102247
0.0851134
0.081562
0.0865056
0.0996596
0.0967906
0.0925844
0.0893567
0.0925537
0.0853053
0.112145
0.088712
0.0891819
0.0869435
0.101825
0.0872242
0.0878555
0.0886162
0.0863265
0.0915772
0.0973384
0.102689
0.0927852
0.086039
0.0848788
0.0974506
0.0918077
0.0870063
0.092034
0.0927203
0.0874097
0.0909241
0.0874359
0.0892032
0.0855073
0.0941602
0.0876998
0.0915513
0.0904579
0.0965323
0.0878296
0.0934554
0.0880575
0.0961131
0.0874105
0.0970175
0.0839472
0.07979
0.0770477
0.0845294
0.0828848
0.0840292
0.0599073
0.0618738
0.0659442
0.0825015
0.0819849
0.084568
0.0890487
0.081819
0.0900218
0.0859169
0.101808
0.0977011
0.0934214
0.0880647
0.0887329
0.0953871
0.0958613
0.113357
0.0972443
0.0963864
0.0958096
0.0948166
0.0896506
0.106215
0.0885207
0.0956912
0.0878994
0.0979011
0.0948796
0.0936528
0.0810802
0.0839496
0.0883376
0.0882081
0.0906756
0.0831164
0.107716
0.0816129
0.0874585
0.0931683
0.0927895
0.0894414
0.0927314
0.0941183
0.08876
0.0931785
0.09177
0.0929094
0.0914176
0.10379
0.0960521
0.0973473
0.0959561
0.0812121
0.09491
0.0952245
0.0967768
0.0983358
0.0980243
0.107477
0.086977
0.0981634
0.0909723
0.0934936
0.0825481
0.0882934
0.0925218
0.10026
0.09251
0.0882554
0.0839582
0.0886497
0.0862602
0.0994629
0.0878241
0.0935885
0.094496
0.101513
0.0910304
0.0971821
0.087592
0.0904406
0.085304
0.0883846
0.0861472
0.08941
0.0859352
0.0753089
0.0888277
0.0762774
0.0739
0.0914556
0.0817077
0.0892415
0.0907376
0.0812446
0.0790787
0.0873823
0.0747834
0.0820317
0.0888958
0.082244
0.0864017
0.0811167
0.0814246
0.0807579
0.080173
0.0838907
0.0771724
0.0778192
0.0880146
0.082767
0.077457
0.0823327
0.0843431
0.0858431
0.0910995
0.0774049
0.0867048
0.0884054
0.0870432
0.0827925
0.0921659
0.0942061
0.0941724
0.0935053
0.0920191
0.0898336
0.092296
0.104738
0.0889639
0.102114
0.0930732
0.101714
0.104591
0.103334
0.0961599
0.10457
0.104128
0.0985917
0.114291
0.107501
0.11382
0.101488
0.101022
0.102384
0.0915111
0.105053
0.112812
0.104216
0.0930866
0.090582
0.0906944
0.0882542
0.0958349
0.0967021
0.0933374
0.100691
0.100911
0.0919411
0.0856038
0.102606
0.113088
0.0929046
0.0948151
0.0984719
0.0728161
0.0873484
0.0618927
0.0570302
0.058642
0.0533646
0.0422867
0.0845699
0.0886822
0.0602874
0.0915484
0.0668953
0.0653164
0.0660644
0.0452121
0.0621185
0.0450032
0.0706669
0.0774413
0.0903845
0.0968108
0.0807546
0.091274
0.0883963
0.093355
0.100583
0.0966359
0.0944216
0.0790679
0.0910953
0.0855822
0.0687393
0.0807906
0.0893597
0.0841714
0.0607886
0.0944131
0.0882054
0.0826698
0.0848455
0.0924158
0.0798327
0.0891558
0.0608801
0.0914987
0.08917
0.0803086
0.0894999
0.0829155
0.0998505
0.070947
0.0625087
0.0926681
0.095741
0.0851205
0.0793559
0.0878015
0.0840205
0.0790757
0.0824422
0.0781789
0.0916263
0.0872594
0.067087
0.0784506
0.0807513
0.0672605
0.0824426
0.0716499
0.0877178
0.0996898
0.106108
0.105733
0.104027
0.111942
0.110525
0.0791638
0.0926052
0.095267
0.0904194
0.0959962
0.0810323
0.106739
0.125419
0.114634
0.0990457
0.097985
0.0941801
0.103562
0.0974203
0.0787378
0.0720514
0.0793345
0.0846348
0.0673645
0.0735012
0.0873577
0.0889893
0.0911803
0.0980483
0.102634
0.102618
0.0956404
0.101911
0.0893597
0.0972694
0.105332
0.0831652
0.105842
0.0876498
0.108043
0.105855
0.0996194
0.082614
0.0889426
0.0831619
0.0834051
0.0948197
0.0851901
0.0868363
0.086805
0.0843406
0.0852787
0.0828566
0.0874811
0.0870326
0.0711033
0.0878764
0.0845521
0.0891035
0.0930079
0.0815915
0.0973164
0.0850368
0.0847954
0.081531
0.0893171
0.081303
0.0821296
0.0920396
0.0852616
0.0882401
0.0818522
0.0702983
0.0836129
0.0823475
0.0919206
0.0722118
0.0847269
0.0803439
0.0679527
0.0719917
0.0818197
0.0694298
0.0704531
0.0686698
0.0572277
0.0584787
0.0591895
0.0516761
0.0669122
0.0550211
0.0541553
0.0596142
0.0555915
0.0797325
0.0830478
0.0787941
0.0791587
0.0811733
0.0928361
0.0930299
0.0788709
0.0766806
0.0919722
0.0973453
0.0998578
0.102707
0.0986794
0.113075
0.0909088
0.0965022
0.0879603
0.0967352
0.093643
0.109989
0.101022
0.0978182
0.0844891
0.0860706
0.100897
0.0985088
0.0975462
0.104181
0.0951842
0.103809
0.106155
0.084928
0.0941224
0.102208
0.11241
0.114289
0.0952815
0.106941
0.085386
0.114117
0.115615
0.114411
0.114242
0.105428
0.103083
0.107236
0.116077
0.0815725
0.114398
0.0818078
0.106467
0.106065
0.104156
0.0940403
0.10653
0.10897
0.0981206
0.0928697
0.105106
0.123679
0.10572
0.11127
0.121053
0.111052
0.104578
0.114588
0.108067
0.102367
0.106763
0.0811755
0.0927476
0.0930469
0.114972
0.117668
0.0806018
0.102152
0.0986854
0.104655
0.108469
0.108942
0.114906
0.112713
0.105395
0.118256
0.101395
0.114433
0.116538
0.107756
0.123765
0.125841
0.14233
0.117733
0.0955518
0.0915526
0.101838
0.107114
0.100044
0.0984819
0.107294
0.10986
0.116847
0.115377
0.0958165
0.114768
0.0986633
0.107348
0.109952
0.11981
0.0950711
0.122134
0.0999028
0.0944335
0.112408
0.0597399
0.0621313
0.048942
0.0509076
0.0481017
0.0453834
0.0434977
0.0450482
0.0437468
0.0430215
0.0439889
0.0433397
0.044151
0.0447567
0.0440359
0.0425846
0.0466826
0.0424512
0.0432789
0.0414219
0.0458
0.0450587
0.0450063
0.0451195
0.0426342
0.0420326
0.0453757
0.0428724
0.0434863
0.0490641
0.0479136
0.0470085
0.0417732
0.0440817
0.0405967
0.0421554
0.0437179
0.0408325
0.0411236
0.0410573
0.0404431
0.0447588
0.0457219
0.0401195
0.040978
0.0430746
0.042615
0.0440047
0.0459273
0.043117
0.0445473
0.0447447
0.0470683
0.044965
0.0460413
0.0438535
0.0457124
0.0466554
0.0480792
0.0480369
0.044949
0.0467841
0.0475606
0.0459595
0.043941
0.044698
0.0439443
0.0454412
0.0464722
0.043391
0.0473499
0.0477008
0.0487746
0.0476891
0.045639
0.0468906
0.0473074
0.048589
0.0462428
0.0444724
0.0454327
0.0475881
0.0469685
0.0471404
0.046263
0.0456799
0.046589
0.0490554
0.0457202
0.0456836
0.043215
0.044563
0.0453076
0.0454229
0.0451795
0.0488146
0.0492843
0.0442107
0.046021
0.0475235
0.044932
0.0449029
0.0464786
0.0466534
0.0482788
0.0418779
0.0466502
0.0499214
0.0472544
0.0439104
0.0524007
0.0413763
0.0462221
0.0389287
0.0439771
0.0460969
0.0460686
0.0455369
0.0550943
0.0504011
0.0483626
0.0490318
0.0494004
0.0492746
0.050217
0.0486602
0.0460338
0.0466896
0.0477645
0.0503218
0.0493842
0.0504398
0.0493627
0.0479548
0.0486834
0.0511238
0.0527446
0.0498947
0.0502447
0.0503769
0.0464133
0.0480856
0.0504235
0.049128
0.0482716
0.0511352
0.047113
0.0477017
0.0483739
0.0515418
0.0443569
0.0457628
0.0510354
0.0484517
0.0489359
0.0461555
0.053573
0.0480129
0.0468264
0.0448608
0.0463167
0.0489022
0.0451726
0.0469746
0.0491193
0.0480979
0.0478946
0.0504661
0.0493268
0.0472529
0.0485101
0.0445195
0.0455871
0.0496433
0.0464361
0.044685
0.048296
0.0472827
0.046604
0.0489624
0.046717
0.0470729
0.0430436
0.0480813
0.0488718
0.0467408
0.0485618
0.04572
0.0461294
0.0458477
0.0470833
0.0438588
0.0470708
0.0466981
0.0466789
0.0468678
0.0488795
0.0481997
0.0463843
0.0452737
0.0460063
0.0475217
0.0477507
0.0472525
0.0482118
0.0459676
0.0474273
0.0475535
0.0462865
0.0447043
0.0441093
0.045941
0.0424783
0.0415318
0.0405621
0.0416123
0.0443619
0.0403474
0.0380282
0.0437457
0.0426548
0.0427729
0.0401886
0.043904
0.0411197
0.0443464
0.043167
0.0431437
0.0419859
0.0444794
0.0403088
0.0384555
0.0395901
0.0388323
0.0401492
0.0461006
0.0409581
0.0383922
0.0368862
0.0436907
0.0430619
0.0385698
0.0383454
0.0443637
0.0404013
0.0417812
0.0423011
0.0394518
0.0407159
0.0388073
0.0412313
0.0423772
0.0392821
0.0407494
0.0373825
0.0395299
0.0390387
0.0382678
0.0384021
0.038998
0.0396814
0.0366618
0.0359408
0.0408648
0.0363105
0.0357944
0.0374143
0.0367087
0.0370747
0.0356931
0.0351381
0.0374258
0.0341491
0.0353902
0.0361121
0.0375074
0.0361683
0.0349795
0.0398209
0.0344702
0.0360892
0.0334706
0.0343744
0.0358892
0.035671
0.0370509
0.0410029
0.0411218
0.0360022
0.0330998
0.0364446
0.041053
0.0388102
0.0345582
0.0343285
0.0355091
0.0369741
0.0372264
0.0397437
0.0361316
0.0360693
0.0389216
0.0354528
0.0392827
0.0376814
0.0382688
0.0395916
0.0368821
0.0373984
0.0363149
0.0345871
0.0345939
0.0372562
0.0332262
0.0354135
0.0332803
0.0340936
0.0324278
0.0351848
0.0321826
0.0343885
0.0330209
0.0334644
0.0348378
0.0327936
0.0343693
0.0333474
0.0336694
0.0342037
0.0324188
0.0327587
0.0334368
0.0351332
0.033663
0.032954
0.0335699
0.0350612
0.0331891
0.0331326
0.0336173
0.0351634
0.0316326
0.0358456
0.0340686
0.0341284
0.03485
0.0352354
0.036646
0.0360563
0.0361043
0.0363493
0.0378834
0.0350299
0.0326752
0.0337274
0.0318698
0.0332625
0.0322
0.035904
0.0346895
0.0322314
0.0329289
0.0322608
0.033556
0.0345401
0.030727
0.0310821
0.0311099
0.030156
0.033795
0.0351645
0.0350076
0.0339993
0.0330584
0.0324361
0.0310629
0.032179
0.0333856
0.032366
0.032246
0.0319011
0.0315486
0.0319965
0.0307295
0.0298481
0.0325999
0.0316621
0.0309753
0.0303012
0.0310867
0.0295969
0.0310718
0.0297789
0.033082
0.0296868
0.0305383
0.0300248
0.0307042
0.0279209
0.0288566
0.0319711
0.0309878
0.0290146
0.0292284
0.0291752
0.0285337
0.0284466
0.0272792
0.027973
0.0288036
0.028762
0.0285134
0.0266826
0.0295611
0.029399
0.0299364
0.0274763
0.0287538
0.0296372
0.0273295
0.0276559
0.0280164
0.0279692
0.0295419
0.0298648
0.0294326
0.0326694
0.032411
0.0329257
0.0310707
0.0318004
0.0299571
0.0296441
0.0320292
0.0306582
0.0312391
0.0310722
0.0310685
0.0307
0.0310466
0.0302958
0.0334629
0.0318292
0.0321277
0.0319985
0.0303762
0.031688
0.029495
0.0307345
0.031519
0.0312542
0.0298377
0.0327373
0.032951
0.0297003
0.0300432
0.031007
0.0314666
0.0313947
0.0307484
0.0303056
0.0313931
0.031691
0.0288607
0.0287747
0.0293957
0.0306967
0.0302216
0.029649
0.0269276
0.0299014
0.0320455
0.0304858
0.0301333
0.0296289
0.0297636
0.0323513
0.0301843
0.0271544
0.0299979
0.028278
0.0299432
0.0290351
0.0291843
0.0300444
0.0281697
0.028571
0.0281582
0.0277423
0.0283279
0.0276479
0.0292862
0.0289093
0.0284705
0.0279129
0.0276471
0.0281898
0.0294968
0.0298851
0.0296336
0.0302548
0.0327749
0.028178
0.0301127
0.0296549
0.0319308
0.0295866
0.0310597
0.0302261
0.0317392
0.0285397
0.0300096
0.02808
0.0321859
0.0315542
0.0320217
0.031043
0.0306737
0.0315302
0.0306875
0.0287705
0.0329272
0.0310194
0.0328809
0.030165
0.0296338
0.0325243
0.030495
0.0332655
0.0318206
0.0310679
0.0290397
0.0329717
0.0307547
0.0317452
0.0320821
0.032003
0.0318665
0.033607
0.0315918
0.0315129
0.0299904
0.0342308
0.0325577
0.0307835
0.0313499
0.0319602
0.0311525
0.0304973
0.0319798
0.0313759
0.0321279
0.0302565
0.0296966
0.0312439
0.029815
0.0308908
0.0298788
0.0314402
0.0305718
0.0300074
0.0322983
0.0314897
0.029767
0.0313916
0.029693
0.0294018
0.0303315
0.0321089
0.0318606
0.0372692
0.0309413
0.0325021
0.0314802
0.0310486
0.0335413
0.0294589
0.0301034
0.0303279
0.0303768
0.0319372
0.0283922
0.029761
0.0294575
0.0318102
